125,7637.207999999999629,1086.757202617744724,363.847947560287935
126,7637.207999999999629,1093.999299450106491,363.441857245449683
127,7637.207999999999629,1101.238461490551572,363.019425674528009
128,7637.207999999999629,1108.445978361419520,362.579735037774981
129,7637.207999999999629,1115.790171013658210,362.142185693079398
130,7637.207999999999629,1123.037172313433302,361.757598650985528
131,7637.207999999999629,1130.298670531948801,361.308110730527744
132,7637.207999999999629,1137.630968771873540,360.912146915587073
133,7637.207999999999629,1144.810162753790564,360.470433627320404
134,7637.207999999999629,1152.069358674836394,360.062015783704226
135,7637.207999999999629,1159.339257614709595,359.674809836250859
136,7637.207999999999629,1166.654328856480561,359.271636322355846
137,7637.207999999999629,1173.913920621310581,358.874714982150238
138,7637.207999999999629,1181.194646880118626,358.447024768863571
139,7637.207999999999629,1188.497646568611117,358.076572639307130
140,7637.207999999999629,1195.690477825638482,357.679626520129204
141,7637.207999999999629,1203.018353817688194,357.292867055625550
142,7637.207999999999629,1210.232679270354083,356.904863328403053
143,7637.207999999999629,1217.495452940466521,356.504919263068984
144,7637.207999999999629,1224.788875140395703,356.094762483053728
145,7637.207999999999629,1232.034284793746338,355.729898296540341
146,7637.207999999999629,1239.315076893641162,355.367012432459774
147,7637.207999999999629,1246.596177947193610,355.007812814257875
148,7637.207999999999629,1253.850288779250832,354.641348746601068
149,7637.207999999999629,1261.059302761684648,354.273098117246889
125,7950.362000000000080,1089.029160753842916,855.763817100308529
126,7950.362000000000080,1096.285985579524549,855.352106422740803
127,7950.362000000000080,1103.524643831276535,854.938323892700510
128,7950.362000000000080,1110.737463908230893,854.501286123238287
129,7950.362000000000080,1118.072966852867467,854.065708389895917
130,7950.362000000000080,1125.302232108645740,853.679559170157177
131,7950.362000000000080,1132.560889221990465,853.227913664122866
132,7950.362000000000080,1139.883084783713002,852.830446477964642
133,7950.362000000000080,1147.058428817211052,852.389151591165046
134,7950.362000000000080,1154.300425417776523,851.973111558780943
135,7950.362000000000080,1161.556838439327748,851.588741882234444
136,7950.362000000000080,1168.866034752750465,851.169941145961502
137,7950.362000000000080,1176.124149792577327,850.770569273954266
138,7950.362000000000080,1183.382360601015989,850.338642059529093
139,7950.362000000000080,1190.678793808827777,849.966229417702152
140,7950.362000000000080,1197.856485144412773,849.565722328134484
141,7950.362000000000080,1205.171320283828663,849.181667580093858
142,7950.362000000000080,1212.386383611388283,848.788140660571912
143,7950.362000000000080,1219.644488159540970,848.394035829200675
144,7950.362000000000080,1226.932734236896749,847.986023478535230
145,7950.362000000000080,1234.165578483676654,847.623141059389923
146,7950.362000000000080,1241.438833698063718,847.264580314165300
147,7950.362000000000080,1248.716716927783409,846.900162073155343
148,7950.362000000000080,1255.953941233836758,846.530524095902706
149,7950.362000000000080,1263.163676247271496,846.171888051509768
125,8008.359000000000378,1089.475602330861648,947.686136141169754
126,8008.359000000000378,1096.731873688429005,947.270371312270527
127,8008.359000000000378,1103.967316002681855,946.854356870799506
128,8008.359000000000378,1111.179670164541221,946.415926531647301
129,8008.359000000000378,1118.512230009789619,945.976278710531801
130,8008.359000000000378,1125.737940849070583,945.589794150038983
131,8008.359000000000378,1132.995285588786601,945.136754451306615
132,8008.359000000000378,1140.316423870057633,944.737257095602672
133,8008.359000000000378,1147.489975410043826,944.295750605126045
134,8008.359000000000378,1154.731214001408489,943.879565510619386
135,8008.359000000000378,1161.987888578123375,943.494336493888113
136,8008.359000000000378,1169.294258584717454,943.074884964927378
137,8008.359000000000378,1176.552199309409161,942.675453971335060
138,8008.359000000000378,1183.809167967947815,942.242759303628532
139,8008.359000000000378,1191.102601010249828,941.868774137168430
140,8008.359000000000378,1198.277651804016159,941.465783537949733
141,8008.359000000000378,1205.590261857629685,941.080755222390735
142,8008.359000000000378,1212.804039506734398,940.683591214640956
143,8008.359000000000378,1220.060469617847730,940.289499879992377
144,8008.359000000000378,1227.346710286724374,939.879457079658891
145,8008.359000000000378,1234.577188248639231,939.515506342719505
146,8008.359000000000378,1241.848584681322109,939.155584659972646
147,8008.359000000000378,1249.123961242235055,938.788036608054085
148,8008.359000000000378,1256.355717246959102,938.415479369163450
149,8008.359000000000378,1263.566320107038337,938.056029609593452
125,8016.989999999999782,1089.541349138439955,961.386368365529620
126,8016.989999999999782,1096.797508278480109,960.969992351649580
127,8016.989999999999782,1104.032443328826048,960.553582800405934
128,8016.989999999999782,1111.244713114233036,960.114879148692353
129,8016.989999999999782,1118.576857484900984,959.674597564311057
130,8016.989999999999782,1125.802058625326254,959.288021217534038
131,8016.989999999999782,1133.059183156617337,958.834757844693968
132,8016.989999999999782,1140.380169921936613,958.434891432576592
133,8016.989999999999782,1147.553450757586234,957.993315981074943
134,8016.989999999999782,1154.794586598500928,957.577085723192795
135,8016.989999999999782,1162.051300393791962,957.191656266295922
136,8016.989999999999782,1169.357240575643345,956.772112745729146
137,8016.989999999999782,1176.615165229065497,956.372603288957521
138,8016.989999999999782,1183.871951809976053,955.939755795226347
139,8016.989999999999782,1191.164931880442282,955.565505269891787
140,8016.989999999999782,1198.339587219478062,955.162106297370542
141,8016.989999999999782,1205.651924797352876,954.776887444074646
142,8016.989999999999782,1212.865464124243772,954.379175136483241
143,8016.989999999999782,1220.121639168281718,953.985002911577908
144,8016.989999999999782,1227.407563596625550,953.574614667606170
145,8016.989999999999782,1234.637713188284351,953.210471983895104
146,8016.989999999999782,1241.908822925628556,952.850294673181679
147,8016.989999999999782,1249.183820786550541,952.482276808920915
148,8016.989999999999782,1256.414788463134755,952.109262185297098
149,8016.989999999999782,1263.625522254617181,951.749621696448799
125,8426.962999999999738,1091.999705848529629,1618.458301920852591
126,8426.962999999999738,1099.252200918444942,1618.012812646041311
127,8426.962999999999738,1106.467166946811176,1617.566578664559074
128,8426.962999999999738,1113.674591953975096,1617.099313941109131
129,8426.962999999999738,1120.998683515955463,1616.627529121166390
130,8426.962999999999738,1128.207665312403378,1616.220329520799623
131,8426.962999999999738,1135.452074696760064,1615.747503447555800
132,8426.962999999999738,1142.768876390255173,1615.316488847605569
133,8426.962999999999738,1149.932119290317814,1614.855516372095963
134,8426.962999999999738,1157.166493067234114,1614.421807258348508
135,8426.962999999999738,1164.418696865440779,1614.007829205963390
136,8426.962999999999738,1171.708884226660757,1613.573600455259111
137,8426.962999999999738,1178.968148062793489,1613.145984957626069
138,8426.962999999999738,1186.214631243526583,1612.691795625447639
139,8426.962999999999738,1193.492688380023310,1612.293192668196298
140,8426.962999999999738,1200.651829884820700,1611.862838840356062
141,8426.962999999999738,1207.967521727395933,1611.454306546050930
142,8426.962999999999738,1215.163132980363571,1611.032797423821194
143,8426.962999999999738,1222.410110535050080,1610.610404293852071
144,8426.962999999999738,1229.683056940821643,1610.174809167050853
145,8426.962999999999738,1236.903452445548510,1609.791592520138920
146,8426.962999999999738,1244.163102535108919,1609.406137312446617
147,8426.962999999999738,1251.426212157185319,1609.017163635615134
148,8426.962999999999738,1258.635354871332993,1608.618913048145714
149,8426.962999999999738,1265.852109996828176,1608.233172477090648
125,8523.782999999999447,1092.271476820490761,1775.631402034884559
126,8523.782999999999447,1099.525067152296742,1775.177537330125688
127,8523.782999999999447,1106.738742096863007,1774.722520940811364
128,8523.782999999999447,1113.945631732929542,1774.245855490046551
129,8523.782999999999447,1121.270737980675449,1773.765687859566469
130,8523.782999999999447,1128.478314491724177,1773.349424553081008
131,8523.782999999999447,1135.720991620702534,1772.868151305399124
132,8523.782999999999447,1143.038405595792710,1772.428270756703569
133,8523.782999999999447,1150.200753741136168,1771.958075707738089
134,8523.782999999999447,1157.433443048753588,1771.515297722301966
135,8523.782999999999447,1164.683414947610800,1771.091350668906443
136,8523.782999999999447,1171.972493469669871,1770.649074087480130
137,8523.782999999999447,1179.232251692987802,1770.209666491192820
138,8523.782999999999447,1186.477435631138860,1769.746885696969684
139,8523.782999999999447,1193.755169415215505,1769.338806937531672
140,8523.782999999999447,1200.913119897668594,1768.900967612342583
141,8523.782999999999447,1208.232041671746856,1768.483158911703185
142,8523.782999999999447,1215.424519566433219,1768.055827294487017
143,8523.782999999999447,1222.671143455917900,1767.622104452027088
144,8523.782999999999447,1229.943600386033040,1767.178832582314271
145,8523.782999999999447,1237.162562923551377,1766.788203442288932
146,8523.782999999999447,1244.421696059099304,1766.393982628291951
147,8523.782999999999447,1251.684711713447314,1765.999387611433349
148,8523.782999999999447,1258.893044017357624,1765.594079000184820
149,8523.782999999999447,1266.111379345447858,1765.198641110218659
137,8670.325000000000728,1179.347853685237851,2009.668726492106089
125,9125.470999999999549,1090.285564492897265,2776.542198049361559
126,9125.470999999999549,1097.554834860018900,2776.012944537671501
127,9125.470999999999549,1104.784970606979641,2775.500309759278025
128,9125.470999999999549,1112.013059334914942,2774.956249634381493
129,9125.470999999999549,1119.348375896126981,2774.405478499393666
130,9125.470999999999549,1126.575557546665550,2773.928915324507670
131,9125.470999999999549,1133.833580535994315,2773.377573430333541
132,9125.470999999999549,1141.166109849434861,2772.873281581008541
133,9125.470999999999549,1148.342399730956004,2772.344986054200035
134,9125.470999999999549,1155.589416965147393,2771.830259289477908
135,9125.470999999999549,1162.851734786863517,2771.348808061669388
136,9125.470999999999549,1170.158613000169908,2770.843130139237928
137,9125.470999999999549,1177.424393274634213,2770.335057243870779
138,9125.470999999999549,1184.691728305055904,2769.804339389631423
139,9125.470999999999549,1191.986600754766414,2769.329786658672219
140,9125.470999999999549,1199.167136976478105,2768.843501714473405
141,9125.470999999999549,1206.499387913868077,2768.358827163325259
142,9125.470999999999549,1213.712435257323023,2767.868613230521532
143,9125.470999999999549,1220.973529327370443,2767.372851729504418
144,9125.470999999999549,1228.268358024594590,2766.876576588501393
145,9125.470999999999549,1235.497188607862881,2766.425218924374349
146,9125.470999999999549,1242.777415393602951,2765.971499671881247
147,9125.470999999999549,1250.054636700419223,2765.516028883233048
148,9125.470999999999549,1257.281871598302359,2765.056515678421420
149,9125.470999999999549,1264.509691659417285,2764.588651382632634
125,9660.434999999999491,1084.885369223117777,3713.445181177304221
126,9660.434999999999491,1092.163912878683277,3712.892983238021770
127,9660.434999999999491,1099.412352604388388,3712.344418968684295
128,9660.434999999999491,1106.671662910004443,3711.747762966356731
129,9660.434999999999491,1114.033933667627252,3711.172284876035974
130,9660.434999999999491,1121.308618375224796,3710.668959873507902
131,9660.434999999999491,1128.584658571875707,3710.096722646717808
132,9660.434999999999491,1135.934318532455109,3709.527966180809017
133,9660.434999999999491,1143.141563188860346,3708.983957440163522
134,9660.434999999999491,1150.421535115753386,3708.436059779795414
135,9660.434999999999491,1157.716302841106653,3707.915197513789280
136,9660.434999999999491,1165.055184438476545,3707.388645382221512
137,9660.434999999999491,1172.346997401608178,3706.847603904906464
138,9660.434999999999491,1179.634940075431132,3706.266578397243848
139,9660.434999999999491,1186.948567792911490,3705.779631736088959
140,9660.434999999999491,1194.159807610840289,3705.250335391579029
141,9660.434999999999491,1201.518152879146328,3704.744160618633032
142,9660.434999999999491,1208.758500065913040,3704.207014635983342
143,9660.434999999999491,1216.048244996740777,3703.685965437258346
144,9660.434999999999491,1223.356930510958364,3703.150554635240042
145,9660.434999999999491,1230.638399747514995,3702.672145029024250
146,9660.434999999999491,1237.945380463067295,3702.186498577100792
147,9660.434999999999491,1245.247754741287963,3701.697004834123163
148,9660.434999999999491,1252.524070221535794,3701.209285962739614
149,9660.434999999999491,1259.753305977560785,3700.704005286612301
125,7537.848799999999756,1086.207537958771127,209.545173023681059
126,7537.848799999999756,1093.431538281872690,209.122351709263995
127,7537.848799999999756,1100.659001635572167,208.684914793883422
128,7537.848799999999756,1107.858426052807999,208.245125779452138
129,7537.848799999999756,1115.193876237325412,207.783986704166779
130,7537.848799999999756,1122.441537308856823,207.405739681885564
131,7537.848799999999756,1129.704703411634455,206.951423537636714
132,7537.848799999999756,1137.045300990439273,206.558744017618722
133,7537.848799999999756,1144.220167569545310,206.119627167887529
134,7537.848799999999756,1151.497692747821702,205.723700327366146
135,7537.848799999999756,1158.788182084452046,205.340167347319152
136,7537.848799999999756,1166.097245572117345,204.952191157334283
137,7537.848799999999756,1173.355810262145951,204.570067401017383
138,7537.848799999999756,1180.662386129254401,204.150125879612887
139,7537.848799999999756,1187.959346902741572,203.776612725754433
140,7537.848799999999756,1195.159827551074159,203.376731623239351
141,7537.848799999999756,1202.482027590264579,202.986967992022272
142,7537.848799999999756,1209.697138095016271,202.585819468670763
143,7537.848799999999756,1216.958478203640425,202.191717480616859
144,7537.848799999999756,1224.252100302500821,201.773459087151338
145,7537.848799999999756,1231.496008942618346,201.404077332895270
146,7537.848799999999756,1238.779577598381593,201.035501450864331
147,7537.848799999999756,1246.052295756257536,200.664947214667876
148,7537.848799999999756,1253.293525600251542,200.288793243178503
149,7537.848799999999756,1260.506896043511460,199.913744174275479
125,7546.121100000000297,1086.248281330468899,222.354313887064649
126,7546.121100000000297,1093.474184213207764,221.933551558131427
127,7546.121100000000297,1100.702948406929863,221.497694558178210
128,7546.121100000000297,1107.903254382917112,221.057771870569297
129,7546.121100000000297,1115.239857009210937,220.599373534540206
130,7546.121100000000297,1122.487667291174830,220.220355479861951
131,7546.121100000000297,1129.750606050179613,219.766656572066807
132,7546.121100000000297,1137.090319440619851,219.373464588324396
133,7546.121100000000297,1144.265728510739336,218.934022750666969
134,7546.121100000000297,1151.541297911044239,218.536703961782194
135,7546.121100000000297,1158.829514341161484,218.152587954504156
136,7546.121100000000297,1166.139317376776944,217.763049591137701
137,7546.121100000000297,1173.398042953122740,217.379109444048112
138,7546.121100000000297,1180.701789992232534,216.958248328941067
139,7546.121100000000297,1187.999494685818945,216.585108422142895
140,7546.121100000000297,1195.199207098664374,216.185548868816909
141,7546.121100000000297,1202.522326997810524,215.796064209774130
142,7546.121100000000297,1209.737236522423018,215.396522449604760
143,7546.121100000000297,1216.998768904162034,215.001545203265295
144,7546.121100000000297,1224.292360708073375,214.584158673746629
145,7546.121100000000297,1231.536646959032169,214.215256776283582
146,7546.121100000000297,1238.819926509915376,213.847233296795736
147,7546.121100000000297,1246.093637187589138,213.478082492615982
148,7546.121100000000297,1253.336607622151178,213.103084210667816
149,7546.121100000000297,1260.549448670361471,212.728627320223694
125,7945.365399999999681,1088.990458834255833,847.855757699399987
126,7945.365399999999681,1096.247310419871837,847.444388218933796
127,7945.365399999999681,1103.486225227572277,847.030760375987711
128,7945.365399999999681,1110.699075622761939,846.593806415932818
129,7945.365399999999681,1118.034840785928964,846.158558531955009
130,7945.365399999999681,1125.264421269638660,845.772417972928110
131,7945.365399999999681,1132.523177147651268,845.320884070963075
132,7945.365399999999681,1139.845467449406442,844.923554881155496
133,7945.365399999999681,1147.020961948115882,844.482260186284975
134,7945.365399999999681,1154.263032883222195,844.066223983454620
135,7945.365399999999681,1161.519428251803902,843.681889924475740
136,7945.365399999999681,1168.828860003116006,843.263152687927573
137,7945.365399999999681,1176.086995296084751,842.863752316378736
138,7945.365399999999681,1183.345318622861896,842.431872379035099
139,7945.365399999999681,1190.642003289568493,842.059578580029324
140,7945.365399999999681,1197.819920386867580,841.659263079449147
141,7945.365399999999681,1205.134976974675510,841.275267727538676
142,7945.365399999999681,1212.350124598386856,840.882046498827549
143,7945.365399999999681,1219.608368625076309,840.487897781251945
144,7945.365399999999681,1226.896775959690558,840.080034993798677
145,7945.365399999999681,1234.129836273307546,839.717226384483752
146,7945.365399999999681,1241.403245102121900,839.358753214105946
147,7945.365399999999681,1248.681337667419712,838.994599358662640
148,7945.365399999999681,1255.919041518858421,838.625197919097559
149,7945.365399999999681,1263.128703662390308,838.266593264007497
125,8368.045500000000175,1091.763603369111479,1523.222706046359463
126,8368.045500000000175,1099.015869563954084,1522.781773465058450
127,8368.045500000000175,1106.232420642113766,1522.340682041415903
128,8368.045500000000175,1113.440393195124670,1521.878863810263965
129,8368.045500000000175,1120.764259164654050,1521.411820431327214
130,8368.045500000000175,1127.974555303845591,1521.009508144521988
131,8368.045500000000175,1135.220490809880857,1520.540993944020329
132,8368.045500000000175,1142.537305515041908,1520.115355931176055
133,8368.045500000000175,1149.701426632511811,1519.659239418377410
134,8368.045500000000175,1156.936972699256330,1519.230182593031941
135,8368.045500000000175,1164.190544629925171,1518.821996770662281
136,8368.045500000000175,1171.481991276525378,1518.391755727999680
137,8368.045500000000175,1178.740938709050852,1517.970724581919285
138,8368.045500000000175,1185.988717032211980,1517.521218388264970
139,8368.045500000000175,1193.267641559885760,1517.127694436866477
140,8368.045500000000175,1200.428155414428829,1516.701796067382702
141,8368.045500000000175,1207.741994022044992,1516.298285124247286
142,8368.045500000000175,1214.940102047658002,1515.880066099640771
143,8368.045500000000175,1222.187719628827381,1515.464088490145514
144,8368.045500000000175,1229.461646808034402,1515.032917460333692
145,8368.045500000000175,1236.682995522390229,1514.653671466239985
146,8368.045500000000175,1243.943540129265102,1514.273156462880252
147,8368.045500000000175,1251.207244743569163,1513.887260062823543
148,8368.045500000000175,1258.417558675806958,1513.493040480754644
149,8368.045500000000175,1265.633418823432976,1513.112707063034577
125,8465.682399999999689,1092.126404912790349,1681.210334151015559
126,8465.682399999999689,1099.379233719504327,1680.761643800500451
127,8465.682399999999689,1106.593486498903758,1680.311941987263026
128,8465.682399999999689,1113.800634329772038,1679.840973724537207
129,8465.682399999999689,1121.125049981108759,1679.365939086485696
130,8465.682399999999689,1128.333355655199966,1678.955252550682417
131,8465.682399999999689,1135.576944004136294,1678.479251565476943
132,8465.682399999999689,1142.893893289123980,1678.044686280136148
133,8465.682399999999689,1150.056693668484968,1677.580194324567856
134,8465.682399999999689,1157.290341672682189,1677.143058721963826
135,8465.682399999999689,1164.541628166616647,1676.725139574937657
136,8465.682399999999689,1171.831226687939989,1676.287906894219304
137,8465.682399999999689,1179.090693664546961,1675.855690457684204
138,8465.682399999999689,1186.336513927451733,1675.398189002786694
139,8465.682399999999689,1193.614279495817755,1674.995958031778855
140,8465.682399999999689,1200.772776744412113,1674.562629981063537
141,8465.682399999999689,1208.089754752499630,1674.150531642607802
142,8465.682399999999689,1215.283945821716543,1673.726774420235188
143,8465.682399999999689,1222.530675597107802,1673.299938402132284
144,8465.682399999999689,1229.803251591570870,1672.861330023589517
145,8465.682399999999689,1237.023054322382222,1672.475279189190587
146,8465.682399999999689,1244.282348347764810,1672.086405974075660
147,8465.682399999999689,1251.545292462564475,1671.695285074654521
148,8465.682399999999689,1258.753957294713928,1671.294281222771133
149,8465.682399999999689,1265.971326513874601,1670.904773813522070
125,8497.693199999999706,1092.213184358132366,1733.192845491887056
126,8497.693199999999706,1099.466395275630020,1732.741363038057443
127,8497.693199999999706,1106.680257007000137,1732.288748365388301
128,8497.693199999999706,1113.887236667290153,1731.814659420153248
129,8497.693199999999706,1121.212006335181513,1731.336838301706166
130,8497.693199999999706,1128.419867275693150,1730.923125736850125
131,8497.693199999999706,1135.662903008286094,1730.444294661448566
132,8497.693199999999706,1142.980071857228040,1730.006797329017672
133,8497.693199999999706,1150.142590867157651,1729.539220783560722
134,8497.693199999999706,1157.375686926128992,1729.099047120055047
135,8497.693199999999706,1164.626233831332456,1728.677818374103708
136,8497.693199999999706,1171.915491575902706,1728.237883237383130
137,8497.693199999999706,1179.175121257583442,1727.801739442851385
138,8497.693199999999706,1186.420532962625202,1727.341372626847033
139,8497.693199999999706,1193.698221820150366,1726.935977266654390
140,8497.693199999999706,1200.856353427123167,1726.500169700073911
141,8497.693199999999706,1208.174405699965064,1726.084975812672155
142,8497.693199999999706,1215.367585362738055,1725.659283934285895
143,8497.693199999999706,1222.614217003911790,1725.228678533282391
144,8497.693199999999706,1229.886661227155855,1724.787520837313423
145,8497.693199999999706,1237.105993172543322,1724.398995056368904
146,8497.693199999999706,1244.365141655886873,1724.007205564676497
147,8497.693199999999706,1251.628079067674662,1723.614212250426590
148,8497.693199999999706,1258.836506767494711,1723.210863466104911
149,8497.693199999999706,1266.054401422561341,1722.818127446047129
125,8593.618399999999383,1092.370533370065459,1889.556427485682889
126,8593.618399999999383,1099.625414668030544,1889.095676863256813
127,8593.618399999999383,1106.839155003808855,1888.634125616192932
128,8593.618399999999383,1114.046050701329932,1888.150444689115602
129,8593.618399999999383,1121.372216569577631,1887.663622244127737
130,8593.618399999999383,1128.579390040820499,1887.240228094873146
131,8593.618399999999383,1135.821546808283983,1886.751844792512429
132,8593.618399999999383,1143.139906726130448,1886.305620473356612
133,8593.618399999999383,1150.302067170732698,1885.828038362613142
134,8593.618399999999383,1157.533921218783917,1885.377783111692224
135,8593.618399999999383,1164.782564917996979,1884.946537567481982
136,8593.618399999999383,1172.071599212716592,1884.497439325496771
137,8593.618399999999383,1179.331684502200687,1884.049128143152529
138,8593.618399999999383,1186.576780076792147,1883.579573882730301
139,8593.618399999999383,1193.855086332582459,1883.163897875642760
140,8593.618399999999383,1201.013089525989017,1882.720585363076225
141,8593.618399999999383,1208.334246140320374,1882.295416260220691
142,8593.618399999999383,1215.525454746067453,1881.863351843328928
143,8593.618399999999383,1222.772376803675797,1881.421190215215802
144,8593.618399999999383,1230.045405928943637,1880.972113061802474
145,8593.618399999999383,1237.263462971613308,1880.575489280137390
146,8593.618399999999383,1244.523023601656405,1880.174555464754121
147,8593.618399999999383,1251.786593941076944,1879.775284106480512
148,8593.618399999999383,1258.995063403619497,1879.364503887594992
149,8593.618399999999383,1266.214632424476349,1878.961554991086814
125,8637.019000000000233,1092.388979657660684,1960.609927570498940
126,8637.019000000000233,1099.644840649195885,1960.144507481631990
127,8637.019000000000233,1106.859013647036136,1959.678829072537610
128,8637.019000000000233,1114.066127682146998,1959.190714537959366
129,8637.019000000000233,1121.393028975179050,1958.699460224801669
130,8637.019000000000233,1128.600229172768650,1958.271469286161164
131,8637.019000000000233,1135.842404149712365,1957.778280395996262
132,8637.019000000000233,1143.161555913570510,1957.328130423860785
133,8637.019000000000233,1150.323806883973248,1956.845753964797041
134,8637.019000000000233,1157.555376071817591,1956.390533050163413
135,8637.019000000000233,1164.803416937920019,1955.954782932405578
136,8637.019000000000233,1172.092740254389810,1955.501096552975241
137,8637.019000000000233,1179.353020754797171,1955.047211335507654
138,8637.019000000000233,1186.598476576200937,1954.573244657291298
139,8637.019000000000233,1193.877446774607279,1954.152588945594744
140,8637.019000000000233,1201.035886228303525,1953.705857223797466
141,8637.019000000000233,1208.358322819806062,1953.275888254271194
142,8637.019000000000233,1215.549232524795343,1952.840583698581440
143,8637.019000000000233,1222.796569830679800,1952.393186384911814
144,8637.019000000000233,1230.070345430807265,1951.940406055462745
145,8637.019000000000233,1237.287926921985672,1951.539806381170592
146,8637.019000000000233,1244.548099114224215,1951.134578694248830
147,8637.019000000000233,1251.812244746069155,1950.732079153261111
148,8637.019000000000233,1259.021061850634624,1950.317729033790556
149,8637.019000000000233,1266.241433140188974,1949.909930948378587
125,8656.759899999999107,1092.386185504851937,1992.995814174863654
126,8656.759899999999107,1099.642530315378053,1992.528170679792765
127,8656.759899999999107,1106.856992285633623,1992.060601065452602
128,8656.759899999999107,1114.064268495102169,1991.570452628041721
129,8656.759899999999107,1121.391515244359198,1991.077104760734301
130,8656.759899999999107,1128.598802174932644,1990.646995016580604
131,8656.759899999999107,1135.841074859990158,1990.151533081390880
132,8656.759899999999107,1143.160634976253277,1989.699596345811869
133,8656.759899999999107,1150.322982016791229,1989.215006732210668
134,8656.759899999999107,1157.554491964856879,1988.757459810333557
135,8656.759899999999107,1164.802330549788849,1988.319678182317602
136,8656.759899999999107,1172.091864271584427,1987.863832549303424
137,8656.759899999999107,1179.352233426462362,1987.407419695764702
138,8656.759899999999107,1186.597963289979361,1986.931400164168281
139,8656.759899999999107,1193.877306853949221,1986.508426894314425
140,8656.759899999999107,1201.036047532312523,1986.060136636584275
141,8656.759899999999107,1208.359031604105667,1985.627937547375041
142,8656.759899999999107,1215.549937408430878,1985.191073699300659
143,8656.759899999999107,1222.797520146447596,1984.741314218022353
144,8656.759899999999107,1230.071731263668653,1984.286828266161820
145,8656.759899999999107,1237.289127071812800,1983.884361656668943
146,8656.759899999999107,1244.549663965472746,1983.477156816083379
147,8656.759899999999107,1251.814123755011678,1983.073100319509422
148,8656.759899999999107,1259.023161039560591,1982.657083691065736
149,8656.759899999999107,1266.243904448994272,1982.247038985544577
125,8856.298000000000684,1091.958439441778637,2322.913938149525165
126,8856.298000000000684,1099.220477391572558,2322.420825363896256
127,8856.298000000000684,1106.440396906565638,2321.933849960388670
128,8856.298000000000684,1113.652115440985426,2321.422399770182437
129,8856.298000000000684,1120.982842687924858,2320.905426820657340
130,8856.298000000000684,1128.194011968993209,2320.453851369687072
131,8856.298000000000684,1135.440329303214867,2319.933485294043294
132,8856.298000000000684,1142.765269291078084,2319.462671231641252
133,8856.298000000000684,1149.930684141818119,2318.956013913207698
134,8856.298000000000684,1157.164645917448979,2318.473585183649902
135,8856.298000000000684,1164.413807920117506,2318.016227443786647
136,8856.298000000000684,1171.708076733359121,2317.537357496415098
137,8856.298000000000684,1178.969584676671730,2317.056597942575081
138,8856.298000000000684,1186.221814706771738,2316.558505683793101
139,8856.298000000000684,1193.506854135677713,2316.111397632600529
140,8856.298000000000684,1200.672022521035387,2315.647240805477395
141,8856.298000000000684,1207.999263266071694,2315.191667043100551
142,8856.298000000000684,1215.194898703570516,2314.735673826417042
143,8856.298000000000684,1222.446730422225983,2314.263592122891168
144,8856.298000000000684,1229.728195806957501,2313.791347896523803
145,8856.298000000000684,1236.945655848731121,2313.368439905555078
146,8856.298000000000684,1244.212598411138742,2312.940872625397333
147,8856.298000000000684,1251.481633086799320,2312.517825812527008
148,8856.298000000000684,1258.695036597988974,2312.083678462508033
149,8856.298000000000684,1265.919557266180391,2311.649773288064807
125,8921.949599999999919,1091.660341776298083,2432.579516384242197
126,8921.949599999999919,1098.924334998595441,2432.077271037273022
127,8921.949599999999919,1106.146704667776703,2431.583893454731424
128,8921.949599999999919,1113.361233628227183,2431.065006262245788
129,8921.949599999999919,1120.693030916457701,2430.539590595347818
130,8921.949599999999919,1127.906859564697697,2430.081299296287398
131,8921.949599999999919,1135.155575526424855,2429.552590972204143
132,8921.949599999999919,1142.482531579696797,2429.074788533436276
133,8921.949599999999919,1149.649859346737685,2428.561616141303602
134,8921.949599999999919,1156.885993204457918,2428.070887587286506
135,8921.949599999999919,1164.137163762712134,2427.607492703938988
136,8921.949599999999919,1171.433934861607440,2427.121200426151518
137,8921.949599999999919,1178.696063044887751,2426.633160136981587
138,8921.949599999999919,1185.951657063890480,2426.127364928492170
139,8921.949599999999919,1193.239057993038841,2425.672597047424915
140,8921.949599999999919,1200.407488508585175,2425.203149436615604
141,8921.949599999999919,1207.735774909255952,2424.739934819467635
142,8921.949599999999919,1214.934745384410917,2424.276305173329547
143,8921.949599999999919,1222.188556847536347,2423.797734751070948
144,8921.949599999999919,1229.473212018132699,2423.319550237356452
145,8921.949599999999919,1236.691921038270493,2422.889555720654698
146,8921.949599999999919,1243.961829361284572,2422.455335618043591
147,8921.949599999999919,1251.232743341982996,2422.024848272193594
148,8921.949599999999919,1258.448532030751494,2421.584402855752160
149,8921.949599999999919,1265.674161653362944,2421.142300623174378
125,7589.502499999999600,1086.477497838168574,289.641569996686371
126,7589.502499999999600,1093.712137491572321,289.229469386278538
127,7589.502499999999600,1100.946709396682536,288.800869100536431
128,7589.502499999999600,1108.150977728868156,288.360732662240139
129,7589.502499999999600,1115.492263412118746,287.914231828393838
130,7589.502499999999600,1122.740195142062930,287.531954334897080
131,7589.502499999999600,1130.002243975849524,287.080792508376135
132,7589.502499999999600,1137.337944932219671,286.685720820749509
133,7589.502499999999600,1144.515620662872834,286.244919854869067
134,7589.502499999999600,1151.782299405301046,285.841420941936519
135,7589.502499999999600,1159.060375153781479,285.455165949938362
136,7589.502499999999600,1166.373304447035252,285.058359577507304
137,7589.502499999999600,1173.632625536905834,284.666784566245553
138,7589.502499999999600,1180.923708269003328,284.241990590185083
139,7589.502499999999600,1188.224560046256101,283.870427795933381
140,7589.502499999999600,1195.420675371292646,283.472326637843821
141,7589.502499999999600,1202.747160101684130,283.084222486616511
142,7589.502499999999600,1209.961479372013855,282.691473078136767
143,7589.502499999999600,1217.223797648642403,282.293179667246307
144,7589.502499999999600,1224.517296404925901,281.879751674266572
145,7589.502499999999600,1231.762735598725385,281.513041612857307
146,7589.502499999999600,1239.044699885769660,281.147682555876827
147,7589.502499999999600,1246.322687356992446,280.784426993467832
148,7589.502499999999600,1253.572644133838821,280.414380655044909
149,7589.502499999999600,1260.783244349413280,280.042974647132553
125,7603.638399999999820,1086.557521652267269,311.607459198394906
126,7603.638399999999820,1093.794590236632303,311.197485917691893
127,7603.638399999999820,1101.030707870282185,310.770900173607515
128,7603.638399999999820,1108.236049592395375,310.330837055641496
129,7603.638399999999820,1115.578417808299037,309.887399853327679
130,7603.638399999999820,1122.826177037077969,309.504313634098480
131,7603.638399999999820,1130.088025264512908,309.053755546507034
132,7603.638399999999820,1137.422619585049915,308.658314227014216
133,7603.638399999999820,1144.600842750210404,308.217184835708565
134,7603.638399999999820,1151.865075058508410,307.812041206001027
135,7603.638399999999820,1159.140431660566037,307.425374015088209
136,7603.638399999999820,1166.454127258274639,307.026513907629862
137,7603.638399999999820,1173.713564766347417,306.633058635109705
138,7603.638399999999820,1181.001227003506301,306.207268206625599
139,7603.638399999999820,1188.302849382771228,305.836096021081289
140,7603.638399999999820,1195.497927990384824,305.438386408084114
141,7603.638399999999820,1202.825046114178122,305.050700536652755
142,7603.638399999999820,1210.039310034342634,304.659628078991489
143,7603.638399999999820,1217.301806396596476,304.260655924482478
144,7603.638399999999820,1224.595285472486466,303.848308841970550
145,7603.638399999999820,1231.840839443707864,303.482203531870482
146,7603.638399999999820,1239.122433149391782,303.117627522100406
147,7603.638399999999820,1246.401503984380042,302.755814059758791
148,7603.638399999999820,1253.653039568064742,302.387015495083176
149,7603.638399999999820,1260.863083429310109,302.016571747407909
125,7687.361200000000281,1087.078315046930129,442.088594790721061
126,7687.361200000000281,1094.326201658941955,441.685737599030858
127,7687.361200000000281,1101.568423512505660,441.268015108195584
128,7687.361200000000281,1108.778346154512974,440.829200172096364
129,7687.361200000000281,1116.123628408167633,440.397345617857354
130,7687.361200000000281,1123.368756186362816,440.011414332806908
131,7687.361200000000281,1130.629944465118569,439.562752240163320
132,7687.361200000000281,1137.959527967444501,439.166644244921827
133,7687.361200000000281,1145.139428962935654,438.724490623862039
134,7687.361200000000281,1152.392838641648041,438.312591064261539
135,7687.361200000000281,1159.656817050487916,437.925436730950196
136,7687.361200000000281,1166.972917018449607,437.517144182764355
137,7687.361200000000281,1174.232493347355330,437.117169254996782
138,7687.361200000000281,1181.505462053520432,436.687626598627503
139,7687.361200000000281,1188.809464140135333,436.317788050587353
140,7687.361200000000281,1195.999375683164772,435.921546519262563
141,7687.361200000000281,1203.326836598319233,435.535981408323210
142,7687.361200000000281,1210.541575235978598,435.150526467298732
143,7687.361200000000281,1217.804406306327110,434.750431037615954
144,7687.361200000000281,1225.097647943693346,434.342649025887226
145,7687.361200000000281,1232.341984631400919,433.979177793836243
146,7687.361200000000281,1239.621701721074714,433.618370068733384
147,7687.361200000000281,1246.904591699263165,433.261281309524577
148,7687.361200000000281,1254.159974129946249,432.896886872453479
149,7687.361200000000281,1261.368087245373545,432.531602631236353
125,7696.657900000000154,1087.140520611435250,456.616298779188185
126,7696.657900000000154,1094.389279390152296,456.213759100320942
127,7696.657900000000154,1101.631891176094996,455.796730515349680
128,7696.657900000000154,1108.842164143240552,455.358097750309355
129,7696.657900000000154,1116.187469800898953,454.926951723231696
130,7696.657900000000154,1123.432172168972102,454.540866025874777
131,7696.657900000000154,1130.693318113729902,454.092274954026266
132,7696.657900000000154,1138.022475397229073,453.696191607836283
133,7696.657900000000154,1145.202423392129731,453.254003097380235
134,7696.657900000000154,1152.454955951795682,452.841614990017035
135,7696.657900000000154,1159.718086183677315,452.454549560513271
136,7696.657900000000154,1167.034257993099118,452.045463869802632
137,7696.657900000000154,1174.293807366970896,451.645146169363613
138,7696.657900000000154,1181.565623493294424,451.215362855687772
139,7696.657900000000154,1188.869688266606090,450.845585956082687
140,7696.657900000000154,1196.059102524657192,450.449418014759829
141,7696.657900000000154,1203.386328947367701,450.064047483711079
142,7696.657900000000154,1210.601166165476798,449.678838202234431
143,7696.657900000000154,1217.863964192666799,449.278843148645763
144,7696.657900000000154,1225.157152767196521,448.871393667119605
145,7696.657900000000154,1232.401203898599306,448.508125489969188
146,7696.657900000000154,1239.680729018705961,448.147643987443701
147,7696.657900000000154,1246.963807780962043,447.790748149283161
148,7696.657900000000154,1254.219144273766233,447.426576957395071
149,7696.657900000000154,1261.427160134449423,447.061794342703251
125,7856.984400000000278,1088.307436323580760,708.278024254085949
126,7856.984400000000278,1095.563921481695388,707.872177111772885
127,7856.984400000000278,1102.806545567703552,707.460101389542729
128,7856.984400000000278,1110.019566740988694,707.023720007897168
129,7856.984400000000278,1117.359934875949875,706.593362528062357
130,7856.984400000000278,1124.595213421122480,706.207033390193828
131,7856.984400000000278,1131.855329703752204,705.757237749727096
132,7856.984400000000278,1139.179445004802346,705.361420923568176
133,7856.984400000000278,1146.357378111801836,704.919812234873234
134,7856.984400000000278,1153.601250901501999,704.503896025515928
135,7856.984400000000278,1160.857797195984176,704.119314902314500
136,7856.984400000000278,1168.170993338185326,703.702187481576743
137,7856.984400000000278,1175.429601261050948,703.301748031203033
138,7856.984400000000278,1182.690373927715882,702.870380889279545
139,7856.984400000000278,1189.991108648478303,702.499769023321164
140,7856.984400000000278,1197.172978983353005,702.102194367893162
141,7856.984400000000278,1204.492524139997158,701.718640696547823
142,7856.984400000000278,1211.708467862674297,701.330347012404445
143,7856.984400000000278,1218.968964276927409,700.934523054487613
144,7856.984400000000278,1226.259839418880802,700.528533673966990
145,7856.984400000000278,1233.496955896876898,700.166533767554824
146,7856.984400000000278,1240.772872338660818,699.808801042112123
147,7856.984400000000278,1248.054267869832984,699.448954098950480
148,7856.984400000000278,1255.300281032991734,699.083169672454005
149,7856.984400000000278,1262.508777324775792,698.724086668376003
125,8061.721099999999751,1089.877607418338130,1032.474150801405131
126,8061.721099999999751,1097.133109742835813,1032.054607094752328
127,8061.721099999999751,1104.365349754206363,1031.635922079886768
128,8061.721099999999751,1111.577136071545965,1031.195532565172925
129,8061.721099999999751,1118.907255604550073,1030.751901039963741
130,8061.721099999999751,1126.129909554600090,1030.364648978358673
131,8061.721099999999751,1133.385800592935539,1029.910151127969357
132,8061.721099999999751,1140.706024334864196,1029.508104191507073
133,8061.721099999999751,1147.877904494122959,1029.065989715065371
134,8061.721099999999751,1155.118515590099378,1028.649384005565253
135,8061.721099999999751,1162.375388457952567,1028.262607070807235
136,8061.721099999999751,1169.679095090844385,1027.842554990745839
137,8061.721099999999751,1176.936977664273627,1027.442309092262121
138,8061.721099999999751,1184.192797685288497,1027.008488082984059
139,8061.721099999999751,1191.483440674353915,1026.632724780821945
140,8061.721099999999751,1198.656043657203099,1026.227062039147768
141,8061.721099999999751,1205.967229983920561,1025.840661042796683
142,8061.721099999999751,1213.179353235666213,1025.440113414334064
143,8061.721099999999751,1220.434199756499538,1025.045156707745946
144,8061.721099999999751,1227.718433973747324,1024.632816409872476
145,8061.721099999999751,1234.946984864721799,1024.267543290172171
146,8061.721099999999751,1242.216580960582405,1023.905828462097247
147,8061.721099999999751,1249.489629709577002,1023.535386318505289
148,8061.721099999999751,1256.716670137418532,1023.159928827925569
149,8061.721099999999751,1263.928081884739640,1022.799019786799818
125,8192.308199999999488,1090.791864646532758,1240.824532331613455
126,8192.308199999999488,1098.045335921823153,1240.395928031776748
127,8192.308199999999488,1105.269788178327644,1239.968847589942698
128,8192.308199999999488,1112.479915793263444,1239.521150896452127
129,8192.308199999999488,1119.805678917198065,1239.067562933992349
130,8192.308199999999488,1127.021934568475444,1238.676168695079468
131,8192.308199999999488,1134.273597212633376,1238.217129787825115
132,8192.308199999999488,1141.591862485047386,1237.806466517814442
133,8192.308199999999488,1148.759900330538812,1237.360726877510388
134,8192.308199999999488,1155.998734186449610,1236.941170634511536
135,8192.308199999999488,1163.255222293413681,1236.547587972286010
136,8192.308199999999488,1170.552769043297985,1236.125067021107952
137,8192.308199999999488,1177.810885177537557,1235.719222879893096
138,8192.308199999999488,1185.063456399143661,1235.280644651695184
139,8192.308199999999488,1192.347864189990787,1234.899006612645735
140,8192.308199999999488,1199.514646351579131,1234.485536684868066
141,8192.308199999999488,1206.824972939925374,1234.093765970769027
142,8192.308199999999488,1214.031586200926085,1233.685301013870458
143,8192.308199999999488,1221.282748689751770,1233.284494469254014
144,8192.308199999999488,1228.561948128175345,1232.865132490667065
145,8192.308199999999488,1235.786766723442952,1232.495252016262612
146,8192.308199999999488,1243.051946094569303,1232.127143785075532
147,8192.308199999999488,1250.319886797057052,1231.749921407694956
148,8192.308199999999488,1257.537482222574454,1231.366847567537889
149,8192.308199999999488,1264.750815812566543,1230.999736514218057
125,8511.210600000000341,1092.244800322054971,1755.172606196998231
126,8511.210600000000341,1099.498200394259356,1754.719901840705006
127,8511.210600000000341,1106.711950668038071,1754.266045760853331
128,8511.210600000000341,1113.918878070946676,1753.790625316554497
129,8511.210600000000341,1121.243817235861798,1753.311597319295970
130,8511.210600000000341,1128.451521959491629,1752.896572033861730
131,8511.210600000000341,1135.694361257288392,1752.416490674604120
132,8511.210600000000341,1143.011649678318008,1751.977757703928319
133,8511.210600000000341,1150.174073506590730,1751.508835483107987
134,8511.210600000000341,1157.406953415550788,1751.067326348666256
135,8511.210600000000341,1164.657198485738718,1750.644690886312901
136,8511.210600000000341,1171.946352308641281,1750.203557714668250
137,8511.210600000000341,1179.206049055820358,1749.765728932674620
138,8511.210600000000341,1186.451330386127665,1749.304119890795619
139,8511.210600000000341,1193.729030646146612,1748.897345557127437
140,8511.210600000000341,1200.887055076690103,1748.460486397304066
141,8511.210600000000341,1208.205559179309603,1748.043947662816436
142,8511.210600000000341,1215.398360842189732,1747.617413890639682
143,8511.210600000000341,1222.644980350347168,1747.185197399512845
144,8511.210600000000341,1229.917417571461783,1746.742948276702464
145,8511.210600000000341,1237.136556392461898,1746.353342259645160
146,8511.210600000000341,1244.395685194714588,1745.960298858261922
147,8511.210600000000341,1251.658653963804682,1745.566484692370295
148,8511.210600000000341,1258.867021656686347,1745.162126073498257
149,8511.210600000000341,1266.085143224529020,1744.767997775891899
125,9754.434999999999491,1084.013277162647000,3883.006879716735511
126,9754.434999999999491,1091.295966899213909,3882.452541663752072
127,9754.434999999999491,1098.553350996949348,3881.901149196612096
128,9754.434999999999491,1105.798519825781796,3881.315749637756198
129,9754.434999999999491,1113.169015781074449,3880.739066092139637
130,9754.434999999999491,1120.439327206081771,3880.232621774327981
131,9754.434999999999491,1127.718227285147577,3879.651507172698985
132,9754.434999999999491,1135.082155277578522,3879.102830761605674
133,9754.434999999999491,1142.288624357465324,3878.545204437317352
134,9754.434999999999491,1149.568995819897964,3877.997418652920715
135,9754.434999999999491,1156.862039012907644,3877.479877721155390
136,9754.434999999999491,1164.204627722977875,3876.944172819612959
137,9754.434999999999491,1171.500224420139148,3876.407239440753983
138,9754.434999999999491,1178.799163731140652,3875.830671712406456
139,9754.434999999999491,1186.120056690545653,3875.339042749768851
140,9754.434999999999491,1193.339197718556534,3874.805890591965181
141,9754.434999999999491,1200.695053115653309,3874.301387710270319
142,9754.434999999999491,1207.935785077980654,3873.767312170419245
143,9754.434999999999491,1215.235678618302472,3873.249842612787234
144,9754.434999999999491,1222.549891260968479,3872.708563508884254
145,9754.434999999999491,1229.824392022361053,3872.232530954140657
146,9754.434999999999491,1237.140916345446840,3871.745894313362896
147,9754.434999999999491,1244.452507255658929,3871.261819075861240
148,9754.434999999999491,1251.726260931886372,3870.771533956615713
149,9754.434999999999491,1258.961732322726675,3870.276658763873456
125,8233.896399999999630,1091.053393410114040,1307.439133105759311
126,8233.896399999999630,1098.306356003851761,1307.007686708826668
127,8233.896399999999630,1105.528574092468943,1306.577514347088936
128,8233.896399999999630,1112.738154191056765,1306.126845414281433
129,8233.896399999999630,1120.063070484135096,1305.670100642209718
130,8233.896399999999630,1127.277638414004514,1305.276664987472259
131,8233.896399999999630,1134.527871636817963,1304.815791574457307
132,8233.896399999999630,1141.845637648199045,1304.401831406399197
133,8233.896399999999630,1149.012592627911999,1303.954218225945851
134,8233.896399999999630,1156.250728644333094,1303.533016836107663
135,8233.896399999999630,1163.506756535549812,1303.136455382475560
136,8233.896399999999630,1170.802579382115937,1302.712639780977270
137,8233.896399999999630,1178.060857409369873,1302.303928638891648
138,8233.896399999999630,1185.312273332862333,1301.863215992606001
139,8233.896399999999630,1192.595023915511547,1301.479200204714061
140,8233.896399999999630,1199.760096855412712,1301.062945645887112
141,8233.896399999999630,1207.070859585396420,1300.668857209576117
142,8233.896399999999630,1214.275453509027557,1300.258020202894613
143,8233.896399999999630,1221.525588807856820,1299.854293067405024
144,8233.896399999999630,1228.803300345938624,1299.432349900061581
145,8233.896399999999630,1236.027175726133464,1299.060586215723106
146,8233.896399999999630,1243.291056583053660,1298.689899887775255
147,8233.896399999999630,1250.557677989876311,1298.310618186028023
148,8233.896399999999630,1257.772991272041054,1297.925003804357857
149,8233.896399999999630,1264.986918683881413,1297.555215608407252
125,8349.739999999999782,1091.680173791764446,1493.692874766158184
126,8349.739999999999782,1098.932437847369101,1493.253294531939218
127,8349.739999999999782,1106.149600858785789,1492.813763423972432
128,8349.739999999999782,1113.357768519264710,1492.353580866932589
129,8349.739999999999782,1120.681640599648290,1491.887972209138752
130,8349.739999999999782,1127.892414796138837,1491.487064496202038
131,8349.739999999999782,1135.138881654608667,1491.019765206310922
132,8349.739999999999782,1142.455755431540183,1490.595780819806123
133,8349.739999999999782,1149.620197511108017,1490.141040244176793
134,8349.739999999999782,1156.856113139171157,1489.713283634345316
135,8349.739999999999782,1164.110087577976401,1489.306829894232351
136,8349.739999999999782,1171.402012126178306,1488.877681387943994
137,8349.739999999999782,1178.660861380726374,1488.458571127536288
138,8349.739999999999782,1185.909096345684020,1488.010424857848648
139,8349.739999999999782,1193.188394296013939,1487.618367275762694
140,8349.739999999999782,1200.349422577794485,1487.193831370934049
141,8349.739999999999782,1207.662728919138090,1486.791775216114047
142,8349.739999999999782,1214.861676615351371,1486.374559954968845
143,8349.739999999999782,1222.109555004404456,1485.960468556949081
144,8349.739999999999782,1229.383881805814326,1485.530629434970706
145,8349.739999999999782,1236.605541545204460,1485.152532147660850
146,8349.739999999999782,1243.866443797722241,1484.773481203588972
147,8349.739999999999782,1251.130419181494744,1484.388507073493429
148,8349.739999999999782,1258.341215680547066,1483.995504830298387
149,8349.739999999999782,1265.556805724224432,1483.616763634205427
125,8821.832399999999325,1092.084230097299042,2265.574328233283268
126,8821.832399999999325,1099.345231124072598,2265.085924955707924
127,8821.832399999999325,1106.563951113736493,2264.602319359533794
128,8821.832399999999325,1113.774485538152931,2264.094669947555758
129,8821.832399999999325,1121.104634870841437,2263.582044688306269
130,8821.832399999999325,1128.314703516479540,2263.134102699050345
131,8821.832399999999325,1135.559949251033458,2262.618164733525646
132,8821.832399999999325,1142.883847533764083,2262.150808342872097
133,8821.832399999999325,1150.048444537620981,2261.647789294682298
134,8821.832399999999325,1157.281546838642271,2261.169744466415523
135,8821.832399999999325,1164.529983426181161,2260.715631021350873
136,8821.832399999999325,1171.823113720930223,2260.240761939612185
137,8821.832399999999325,1179.084364173339281,2259.763988310050536
138,8821.832399999999325,1186.335029064897753,2259.269860427783442
139,8821.832399999999325,1193.618892744460936,2258.826897491325326
140,8821.832399999999325,1200.782547072749594,2258.365499993172762
141,8821.832399999999325,1208.109196977423380,2257.913992683183551
142,8821.832399999999325,1215.303409281277709,2257.461752857506781
143,8821.832399999999325,1222.554301690568991,2256.993265270400116
144,8821.832399999999325,1229.834207431221785,2256.524133415612141
145,8821.832399999999325,1237.051310972240572,2256.104907952530084
146,8821.832399999999325,1244.316836068712064,2255.680864816498797
147,8821.832399999999325,1251.584938557707346,2255.261510500954500
148,8821.832399999999325,1258.797295722680929,2254.830629579838387
149,8821.832399999999325,1266.021189665947986,2254.400971835234031
125,8954.708599999999933,1091.483643996820319,2487.525960508085973
126,8954.708599999999933,1098.748584984652098,2487.019141857598242
127,8954.708599999999933,1105.972225458562889,2486.522588607335365
128,8954.708599999999933,1113.188440887220622,2485.999878780717609
129,8954.708599999999933,1120.520764438556398,2485.470221372398555
130,8954.708599999999933,1127.736210402102870,2485.008704479642802
131,8954.708599999999933,1134.986273004910117,2484.475942801880592
132,8954.708599999999933,1142.314224895226971,2483.994412552357517
133,8954.708599999999933,1149.482685159227231,2483.478240564754287
134,8954.708599999999933,1156.720163223872078,2482.983430779662740
135,8954.708599999999933,1163.972643567286013,2482.517081986808989
136,8954.708599999999933,1171.270816479174528,2482.027237947613685
137,8954.708599999999933,1178.533334382963858,2481.535720844181469
138,8954.708599999999933,1185.790750450760697,2481.026012427564183
139,8954.708599999999933,1193.079365537757667,2480.567591200023799
140,8954.708599999999933,1200.249581388251272,2480.095482491137773
141,8954.708599999999933,1207.578382780372976,2479.628541833315012
142,8954.708599999999933,1214.779291947875208,2479.160884629789962
143,8954.708599999999933,1222.034172637362190,2478.679254977010260
144,8954.708599999999933,1229.320488112911107,2478.198111282874379
145,8954.708599999999933,1236.540142365418660,2477.764574737924249
146,8954.708599999999933,1243.811633510853198,2477.327080802718683
147,8954.708599999999933,1251.083523849019684,2476.892711813911319
148,8954.708599999999933,1258.300714491715325,2476.449112102809977
149,8954.708599999999933,1265.526841161564789,2476.002878730773318
125,9047.929599999999482,1090.884337665880139,2644.746957732243118
126,9047.929599999999482,1098.151793039365430,2644.227437893440310
127,9047.929599999999482,1105.379062647569071,2643.721979129396459
128,9047.929599999999482,1112.601135352618485,2643.187920272441715
129,9047.929599999999482,1119.934999059408938,2642.646392153194029
130,9047.929599999999482,1127.156158860431560,2642.176261588412217
131,9047.929599999999482,1134.410442293408096,2641.632699654094267
132,9047.929599999999482,1141.741062876507158,2641.139486274492810
133,9047.929599999999482,1148.913402151954415,2640.615905672263580
134,9047.929599999999482,1156.155602142445105,2640.109876306837123
135,9047.929599999999482,1163.412875744428220,2639.635256056703383
136,9047.929599999999482,1170.715536504721740,2639.136121724626264
137,9047.929599999999482,1177.979544942676284,2638.635260437874877
138,9047.929599999999482,1185.242402949252892,2638.114191736057364
139,9047.929599999999482,1192.534487773452838,2637.646259665543312
140,9047.929599999999482,1199.710195892686897,2637.166481155504698
141,9047.929599999999482,1207.040636028878907,2636.689436348860909
142,9047.929599999999482,1214.247851745406933,2636.209696175501904
143,9047.929599999999482,1221.506011497427835,2635.719993638399501
144,9047.929599999999482,1228.797088889387851,2635.230504858690892
145,9047.929599999999482,1236.020808001000432,2634.787033742101812
146,9047.929599999999482,1243.297027231085622,2634.340474383923720
147,9047.929599999999482,1250.571788019048881,2633.894657040328639
148,9047.929599999999482,1257.793851247778321,2633.442192033374340
149,9047.929599999999482,1265.021113501607033,2632.984128233027604
125,9165.166699999999764,1089.947580881057775,2844.385467164220699
126,9165.166699999999764,1097.217668290924621,2843.851696712326884
127,9165.166699999999764,1104.449171094470330,2843.335502545955933
128,9165.166699999999764,1111.680690967532655,2842.786139692684628
129,9165.166699999999764,1119.016866846482571,2842.231010553658962
130,9165.166699999999764,1126.247560090219167,2841.751434156626601
131,9165.166699999999764,1133.507498676688783,2841.196649965895176
132,9165.166699999999764,1140.840866854604883,2840.686200991342957
133,9165.166699999999764,1148.019416415537307,2840.156031640666242
134,9165.166699999999764,1155.269148962512872,2839.637137895422256
135,9165.166699999999764,1162.534342163713518,2839.152174631958133
136,9165.166699999999764,1169.843518960919937,2838.643633921656601
137,9165.166699999999764,1177.110425539451626,2838.132039810402603
138,9165.166699999999764,1184.379915456645222,2837.596343133665414
139,9165.166699999999764,1191.676149489728004,2837.118942944655828
140,9165.166699999999764,1198.859175642002356,2836.629281062590508
141,9165.166699999999764,1206.192597886285967,2836.141045622782258
142,9165.166699999999764,1213.408713220701884,2835.645445182107323
143,9165.166699999999764,1220.671367036724632,2835.146785438903407
144,9165.166699999999764,1227.967958409957873,2834.647115249244962
145,9165.166699999999764,1235.200046915786288,2834.191933524203705
146,9165.166699999999764,1242.482293332255949,2833.734717584114605
147,9165.166699999999764,1249.760799156161738,2833.274395888621711
148,9165.166699999999764,1256.991106378888162,2832.811464162862649
149,9165.166699999999764,1264.219059279542307,2832.338658149073581
125,9170.040000000000873,1089.904738828122845,2852.732149413905518
126,9170.040000000000873,1097.174921200198241,2852.197850650950841
127,9170.040000000000873,1104.406586334880330,2851.681225778461794
128,9170.040000000000873,1111.638541516715122,2851.131204607199379
129,9170.040000000000873,1118.974829958265218,2850.575561921623375
130,9170.040000000000873,1126.205973155710126,2850.095628972360373
131,9170.040000000000873,1133.466144848153363,2849.540449903915032
132,9170.040000000000873,1140.799609321105208,2849.029223641582576
133,9170.040000000000873,1147.978446560470275,2848.498849333727776
134,9170.040000000000873,1155.228521926432222,2847.979458853047618
135,9170.040000000000873,1162.494079082462122,2847.494063129497590
136,9170.040000000000873,1169.803543685259228,2846.985194871122985
137,9170.040000000000873,1177.070599461588927,2846.473175748156791
138,9170.040000000000873,1184.340344621467466,2845.936867245608028
139,9170.040000000000873,1191.636742245363848,2845.459144574515449
140,9170.040000000000873,1198.820073095260796,2844.969066080597713
141,9170.040000000000873,1206.153652561526087,2844.480411397430544
142,9170.040000000000873,1213.370144861937888,2843.984152379538500
143,9170.040000000000873,1220.632992655008138,2843.485145573006321
144,9170.040000000000873,1227.929791103482557,2842.985062902627760
145,9170.040000000000873,1235.162309362111500,2842.529423891958686
146,9170.040000000000873,1242.444800920684884,2842.071787475691508
147,9170.040000000000873,1249.723465864192804,2841.610878598317868
148,9170.040000000000873,1256.954170421145818,2841.147538040050222
149,9170.040000000000873,1264.182132369568990,2840.674131021371522
125,9515.986999999999171,1086.383833398489514,3455.624562832276297
126,9515.986999999999171,1093.658995168031424,3455.071804301968314
127,9515.986999999999171,1100.900326742402740,3454.529791964004289
128,9515.986999999999171,1108.161591393741674,3453.936521307914973
129,9515.986999999999171,1115.512690305561364,3453.361030974079767
130,9515.986999999999171,1122.779935625374492,3452.862672533015939
131,9515.986999999999171,1130.052812661766666,3452.294404054258393
132,9515.986999999999171,1137.392681252529428,3451.727852503948725
133,9515.986999999999171,1144.594204676689515,3451.191477738219874
134,9515.986999999999171,1151.868630247122610,3450.647089821733516
135,9515.986999999999171,1159.159345375101339,3450.132090731184235
136,9515.986999999999171,1166.490420755717423,3449.611053037031979
137,9515.986999999999171,1173.773995999147246,3449.073608890465493
138,9515.986999999999171,1181.055395758764917,3448.498535919123242
139,9515.986999999999171,1188.362361497552229,3448.012344496630703
140,9515.986999999999171,1195.565179995070594,3447.492846785117763
141,9515.986999999999171,1202.917348606700671,3446.986629213268316
142,9515.986999999999171,1210.154879583586990,3446.453249991281609
143,9515.986999999999171,1217.433924837489940,3445.934546290427079
144,9515.986999999999171,1224.739360793529613,3445.408316589226160
145,9515.986999999999171,1232.012098423096404,3444.930765655507912
146,9515.986999999999171,1239.310327479303851,3444.449821376932050
147,9515.986999999999171,1246.602852702513474,3443.959840037075082
148,9515.986999999999171,1253.869208097552701,3443.475987286113650
149,9515.986999999999171,1261.095756364716181,3442.969879803202275
126,9687.979999999999563,1091.897919076442577,3762.441399398073827
127,9687.979999999999563,1099.148500190905679,3761.891893016078939
128,9687.979999999999563,1106.405007883320650,3761.297114340857206
129,9687.979999999999563,1113.769657996897422,3760.721571365226737
130,9687.979999999999563,1121.044057791113573,3760.217344729034266
131,9687.979999999999563,1128.320793058207300,3759.643293590033409
132,9687.979999999999563,1135.673775409362634,3759.078116997174220
135,9687.979999999999563,1157.456332758678172,3757.462336157831032
137,9687.979999999999563,1172.089576046505272,3756.393216359059807
138,9687.979999999999563,1179.379922607706703,3755.812631607255753
139,9687.979999999999563,1186.695357518071205,3755.324856416084913
140,9687.979999999999563,1193.908609115684840,3754.794160080093661
141,9687.979999999999563,1201.267008450336334,3754.288378427028874
142,9687.979999999999563,1208.507531865105875,3753.751658418265379
143,9687.979999999999563,1215.799917421472401,3753.231099870849448
144,9687.979999999999563,1223.109794756730935,3752.693983091062819
145,9687.979999999999563,1230.390630954390417,3752.216037364575641
146,9687.979999999999563,1237.699963383899103,3751.729919237390277
147,9687.979999999999563,1245.004760045527973,3751.241600703637687
148,9687.979999999999563,1252.281355547525209,3750.753212869672097
149,9687.979999999999563,1259.511920960070938,3750.249994360557594
125,9720.829999999999927,1084.311691739623257,3822.237069868684102
127,9720.829999999999927,1098.846276316702415,3821.133547610115329
133,9720.829999999999927,1142.581465381821999,3817.774097938728119
134,9720.829999999999927,1149.862031686144974,3817.226050349685011
135,9720.829999999999927,1157.156150004381516,3816.706397736666077
137,9720.829999999999927,1171.792077815628772,3815.635513593621909
138,9720.829999999999927,1179.086108572465491,3815.056346713521179
141,9720.829999999999927,1200.977658630976748,3813.529758233335542
142,9720.829999999999927,1208.218306721184490,3812.994057707998309
145,9720.829999999999927,1230.104555998914748,3811.458355114674760
146,9720.829999999999927,1237.417141762319488,3810.971868434420685
148,9720.829999999999927,1252.001003863795631,3809.996149038159729
125,9802.384000000000015,1083.618872935080162,3969.989553646918921
126,9802.384000000000015,1090.904612046427928,3969.431662599500214
127,9802.384000000000015,1098.168734430653558,3968.879223542022828
128,9802.384000000000015,1105.400833006042149,3968.305840253523002
129,9802.384000000000015,1112.775457869527600,3967.726818380539498
130,9802.384000000000015,1120.039088715581329,3967.218682756684757
131,9802.384000000000015,1127.320249757272904,3966.629238984360200
132,9802.384000000000015,1134.695314940131311,3966.101057481359021
133,9802.384000000000015,1141.899231507330796,3965.532160845380531
134,9802.384000000000015,1149.178625980798643,3964.985184250155726
135,9802.384000000000015,1156.469184695862623,3964.472917196468188
136,9802.384000000000015,1163.813038536449767,3963.929467051594202
137,9802.384000000000015,1171.109523325565306,3963.397848228766634
138,9802.384000000000015,1178.417998668040582,3962.827342858580323
139,9802.384000000000015,1185.744046272105606,3962.330667425014326
140,9802.384000000000015,1192.968699532815435,3961.796751393768318
141,9802.384000000000015,1200.319548912847495,3961.293332294642369
142,9802.384000000000015,1207.560463587839649,3960.762591971822985
143,9802.384000000000015,1214.866999469040820,3960.249495018915241
144,9802.384000000000015,1222.186106612682579,3959.705095033739781
145,9802.384000000000015,1229.450651064063095,3959.231094458732969
146,9802.384000000000015,1236.774118986918893,3958.744660778861544
147,9802.384000000000015,1244.091585545553244,3958.264807982474849
148,9802.384000000000015,1251.359272832761008,3957.772630649054918
149,9802.384000000000015,1258.600185310947381,3957.287274756778515
