125,7637.21,1086.78,364.095
126,7637.21,1094.03,363.66
127,7637.21,1101.28,363.234
128,7637.21,1108.47,362.809
129,7637.21,1115.82,362.366
130,7637.21,1123.07,361.976
131,7637.21,1130.31,361.54
132,7637.21,1137.65,361.15
133,7637.21,1144.84,360.702
134,7637.21,1152.12,360.272
135,7637.21,1159.36,359.91
136,7637.21,1166.68,359.505
137,7637.21,1173.93,359.108
138,7637.21,1181.22,358.666
139,7637.21,1188.52,358.31
140,7637.21,1195.71,357.922
141,7637.21,1203.03,357.54
142,7637.21,1210.25,357.131
143,7637.21,1217.52,356.722
144,7637.21,1224.81,356.328
145,7637.21,1232.06,355.954
146,7637.21,1239.34,355.611
147,7637.21,1246.62,355.25
148,7637.21,1253.87,354.876
149,7637.21,1261.07,354.487
125,7950.36,1089.05,856.017
126,7950.36,1096.31,855.579
127,7950.36,1103.55,855.155
128,7950.36,1110.75,854.726
129,7950.36,1118.11,854.293
130,7950.36,1125.33,853.906
131,7950.36,1132.58,853.465
132,7950.36,1139.91,853.061
133,7950.36,1147.07,852.621
134,7950.36,1154.32,852.175
135,7950.36,1161.57,851.814
136,7950.36,1168.89,851.414
137,7950.36,1176.14,851
138,7950.36,1183.39,850.554
139,7950.36,1190.7,850.204
140,7950.36,1197.88,849.797
141,7950.36,1205.19,849.418
142,7950.36,1212.4,849.018
143,7950.36,1219.65,848.611
144,7950.36,1226.96,848.211
145,7950.36,1234.19,847.848
146,7950.36,1241.46,847.507
147,7950.36,1248.73,847.131
148,7950.36,1255.98,846.761
149,7950.36,1263.15,846.39
125,8008.36,1089.49,947.937
126,8008.36,1096.75,947.498
127,8008.36,1103.99,947.072
128,8008.36,1111.19,946.642
129,8008.36,1118.54,946.208
130,8008.36,1125.76,945.815
131,8008.36,1133.02,945.372
132,8008.36,1140.34,944.968
133,8008.36,1147.5,944.529
134,8008.36,1154.75,944.082
135,8008.36,1162,943.72
136,8008.36,1169.31,943.319
137,8008.36,1176.57,942.904
138,8008.36,1183.82,942.456
139,8008.36,1191.13,942.108
140,8008.36,1198.3,941.694
141,8008.36,1205.61,941.317
142,8008.36,1212.82,940.911
143,8008.36,1220.07,940.511
144,8008.36,1227.38,940.107
145,8008.36,1234.6,939.744
146,8008.36,1241.87,939.395
147,8008.36,1249.14,939.016
148,8008.36,1256.38,938.648
149,8008.36,1263.54,938.276
125,8016.99,1089.56,961.636
126,8016.99,1096.81,961.198
127,8016.99,1104.06,960.772
128,8016.99,1111.25,960.341
129,8016.99,1118.61,959.907
130,8016.99,1125.83,959.513
131,8016.99,1133.08,959.07
132,8016.99,1140.41,958.666
133,8016.99,1147.57,958.227
134,8016.99,1154.81,957.779
135,8016.99,1162.06,957.417
136,8016.99,1169.37,957.016
137,8016.99,1176.63,956.601
138,8016.99,1183.88,956.152
139,8016.99,1191.19,955.805
140,8016.99,1198.36,955.39
141,8016.99,1205.67,955.013
142,8016.99,1212.88,954.606
143,8016.99,1220.13,954.207
144,8016.99,1227.44,953.802
145,8016.99,1234.66,953.439
146,8016.99,1241.93,953.089
147,8016.99,1249.2,952.71
148,8016.99,1256.44,952.342
149,8016.99,1263.6,951.97
125,8426.96,1092.01,1618.69
126,8426.96,1099.24,1618.22
127,8426.96,1106.47,1617.8
128,8426.96,1113.68,1617.34
129,8426.96,1121,1616.87
130,8426.96,1128.21,1616.45
131,8426.96,1135.48,1615.98
132,8426.96,1142.78,1615.55
133,8426.96,1149.94,1615.1
134,8426.96,1157.15,1614.63
135,8426.96,1164.42,1614.24
136,8426.96,1171.72,1613.82
137,8426.96,1178.97,1613.38
138,8426.96,1186.2,1612.91
139,8426.96,1193.51,1612.53
140,8426.96,1200.67,1612.11
141,8426.96,1207.98,1611.7
142,8426.96,1215.16,1611.25
143,8426.96,1222.43,1610.84
144,8426.96,1229.69,1610.42
145,8426.96,1236.92,1610.03
146,8426.96,1244.17,1609.65
147,8426.96,1251.42,1609.25
148,8426.96,1258.65,1608.87
149,8426.96,1265.81,1608.48
125,8523.78,1092.28,1775.87
126,8523.78,1099.51,1775.39
127,8523.78,1106.73,1774.96
128,8523.78,1113.95,1774.49
129,8523.78,1121.26,1774
130,8523.78,1128.48,1773.58
131,8523.78,1135.74,1773.1
132,8523.78,1143.05,1772.67
133,8523.78,1150.2,1772.2
134,8523.78,1157.42,1771.73
135,8523.78,1164.69,1771.33
136,8523.78,1171.99,1770.89
137,8523.78,1179.23,1770.44
138,8523.78,1186.46,1769.97
139,8523.78,1193.77,1769.58
140,8523.78,1200.93,1769.15
141,8523.78,1208.24,1768.73
142,8523.78,1215.42,1768.28
143,8523.78,1222.69,1767.85
144,8523.78,1229.94,1767.42
145,8523.78,1237.18,1767.03
146,8523.78,1244.43,1766.64
147,8523.78,1251.68,1766.23
148,8523.78,1258.9,1765.84
149,8523.78,1266.07,1765.45
126,8670.33,1099.63,2015.02
127,8670.33,1106.84,2014.57
133,8670.33,1150.32,2011.72
134,8670.33,1157.53,2011.24
135,8670.33,1164.8,2010.82
136,8670.33,1172.1,2010.37
137,8670.33,1179.35,2009.9
141,8670.33,1208.35,2008.13
142,8670.33,1215.54,2007.67
144,8670.33,1230.06,2006.78
125,9125.47,1090.3,2776.8
126,9125.47,1097.55,2776.27
127,9125.47,1104.77,2775.73
128,9125.47,1112.01,2775.2
129,9125.47,1119.36,2774.65
130,9125.47,1126.58,2774.17
131,9125.47,1133.85,2773.61
132,9125.47,1141.17,2773.13
133,9125.47,1148.35,2772.58
134,9125.47,1155.57,2772.05
135,9125.47,1162.85,2771.59
136,9125.47,1170.15,2771.09
137,9125.47,1177.43,2770.57
138,9125.47,1184.66,2770.03
139,9125.47,1191.99,2769.59
140,9125.47,1199.17,2769.09
141,9125.47,1206.49,2768.61
142,9125.47,1213.7,2768.11
143,9125.47,1220.98,2767.61
144,9125.47,1228.28,2767.11
145,9125.47,1235.5,2766.67
146,9125.47,1242.79,2766.21
147,9125.47,1250.04,2765.74
148,9125.47,1257.29,2765.29
149,9125.47,1264.46,2764.83
125,9227.03,1089.39,2950.88
126,9227.03,1096.65,2950.34
127,9227.03,1103.87,2949.8
128,9227.03,1111.13,2949.27
129,9227.03,1118.47,2948.71
130,9227.03,1125.71,2948.21
131,9227.03,1132.98,2947.63
132,9227.03,1140.3,2947.15
133,9227.03,1147.49,2946.59
134,9227.03,1154.72,2946.05
135,9227.03,1161.99,2945.6
136,9227.03,1169.31,2945.08
137,9227.03,1176.59,2944.56
138,9227.03,1183.83,2944.01
139,9227.03,1191.16,2943.55
140,9227.03,1198.35,2943.05
141,9227.03,1205.68,2942.55
142,9227.03,1212.87,2942.03
143,9227.03,1220.17,2941.54
144,9227.03,1227.48,2941.02
145,9227.03,1234.7,2940.57
146,9227.03,1242,2940.09
147,9227.03,1249.25,2939.63
148,9227.03,1256.52,2939.16
149,9227.03,1263.68,2938.68
125,9660.43,1084.85,3713.64
126,9660.43,1092.15,3713.03
127,9660.43,1099.39,3712.6
128,9660.43,1106.67,3712.03
129,9660.43,1114.03,3711.45
130,9660.43,1121.31,3710.9
131,9660.43,1128.59,3710.29
132,9660.43,1135.91,3709.79
133,9660.43,1143.14,3709.23
134,9660.43,1150.45,3708.65
135,9660.43,1157.68,3708.2
136,9660.43,1165.07,3707.65
137,9660.43,1172.32,3707.12
138,9660.43,1179.61,3706.55
139,9660.43,1186.94,3706.04
140,9660.43,1194.17,3705.58
141,9660.43,1201.53,3705.01
142,9660.43,1208.69,3704.46
143,9660.43,1216.09,3703.92
144,9660.43,1223.37,3703.37
145,9660.43,1230.66,3702.92
146,9660.43,1237.95,3702.4
147,9660.43,1245.23,3701.98
148,9660.43,1252.54,3701.46
149,9660.43,1259.71,3700.93
127,9787.19,1098.3,3941.53
128,9787.19,1105.51,3940.96
131,9787.19,1127.44,3939.27
132,9787.19,1134.81,3938.74
135,9787.19,1156.59,3937.12
136,9787.19,1163.95,3936.58
137,9787.19,1171.23,3936.04
140,9787.19,1193.05,3934.48
141,9787.19,1200.43,3933.94
144,9787.19,1222.31,3932.36
145,9787.19,1229.58,3931.87
146,9787.19,1236.89,3931.37
149,9787.19,1258.69,3929.9
132,7440.95,1136.65,57.2502
136,7440.95,1165.64,55.6326
127,7490.93,1100.5,136.368
130,7490.93,1122.23,135.054
136,7490.93,1165.87,132.645
137,7490.93,1173.19,132.284
140,7490.93,1194.96,131.052
142,7490.93,1209.52,130.249
145,7490.93,1231.32,129.138
146,7490.93,1238.58,128.714
147,7490.93,1245.85,128.338
125,7537.85,1086.27,209.786
126,7537.85,1093.45,209.369
127,7537.85,1100.72,208.901
128,7537.85,1107.89,208.475
129,7537.85,1115.22,208.031
130,7537.85,1122.48,207.61
131,7537.85,1129.76,207.168
132,7537.85,1137.08,206.81
133,7537.85,1144.27,206.365
134,7537.85,1151.51,205.941
135,7537.85,1158.8,205.575
136,7537.85,1166.11,205.173
137,7537.85,1173.4,204.797
138,7537.85,1180.69,204.345
139,7537.85,1187.98,204.022
140,7537.85,1195.17,203.588
141,7537.85,1202.51,203.239
142,7537.85,1209.72,202.786
143,7537.85,1217,202.44
144,7537.85,1224.28,202.033
145,7537.85,1231.53,201.645
146,7537.85,1238.8,201.257
147,7537.85,1246.07,200.889
148,7537.85,1253.31,200.528
149,7537.85,1260.53,200.121
125,7546.12,1086.31,222.596
126,7546.12,1093.5,222.176
127,7546.12,1100.77,221.713
128,7546.12,1107.93,221.288
129,7546.12,1115.27,220.844
130,7546.12,1122.52,220.426
131,7546.12,1129.8,219.985
132,7546.12,1137.12,219.623
133,7546.12,1144.31,219.178
134,7546.12,1151.56,218.753
135,7546.12,1158.85,218.388
136,7546.12,1166.15,217.985
137,7546.12,1173.44,217.607
138,7546.12,1180.73,217.156
139,7546.12,1188.02,216.829
140,7546.12,1195.21,216.401
141,7546.12,1202.55,216.048
142,7546.12,1209.76,215.6
143,7546.12,1217.04,215.246
144,7546.12,1224.32,214.841
145,7546.12,1231.57,214.454
146,7546.12,1238.84,214.071
147,7546.12,1246.11,213.705
148,7546.12,1253.35,213.342
149,7546.12,1260.57,212.937
125,7945.37,1089.01,848.109
126,7945.37,1096.27,847.671
127,7945.37,1103.51,847.247
128,7945.37,1110.71,846.819
129,7945.37,1118.07,846.386
130,7945.37,1125.29,845.999
131,7945.37,1132.54,845.558
132,7945.37,1139.87,845.154
133,7945.37,1147.03,844.713
134,7945.37,1154.29,844.268
135,7945.37,1161.54,843.908
136,7945.37,1168.85,843.507
137,7945.37,1176.1,843.093
138,7945.37,1183.36,842.647
139,7945.37,1190.67,842.297
140,7945.37,1197.85,841.891
141,7945.37,1205.15,841.512
142,7945.37,1212.36,841.113
143,7945.37,1219.62,840.704
144,7945.37,1226.93,840.305
145,7945.37,1234.15,839.942
146,7945.37,1241.43,839.601
147,7945.37,1248.7,839.226
148,7945.37,1255.94,838.856
149,7945.37,1263.11,838.485
125,8368.05,1091.78,1523.46
126,8368.05,1099.01,1522.99
127,8368.05,1106.23,1522.57
128,8368.05,1113.44,1522.12
129,8368.05,1120.77,1521.65
130,8368.05,1127.98,1521.23
131,8368.05,1135.25,1520.77
132,8368.05,1142.55,1520.35
133,8368.05,1149.71,1519.9
134,8368.05,1156.92,1519.44
135,8368.05,1164.19,1519.05
136,8368.05,1171.5,1518.63
137,8368.05,1178.75,1518.2
138,8368.05,1185.98,1517.74
139,8368.05,1193.29,1517.37
140,8368.05,1200.45,1516.94
141,8368.05,1207.76,1516.54
142,8368.05,1214.94,1516.1
143,8368.05,1222.21,1515.7
144,8368.05,1229.47,1515.27
145,8368.05,1236.7,1514.89
146,8368.05,1243.95,1514.51
147,8368.05,1251.2,1514.12
148,8368.05,1258.43,1513.74
149,8368.05,1265.6,1513.35
125,8378.66,1091.82,1540.59
126,8378.66,1099.05,1540.13
127,8378.66,1106.28,1539.71
128,8378.66,1113.49,1539.25
129,8378.66,1120.81,1538.79
130,8378.66,1128.03,1538.37
131,8378.66,1135.29,1537.9
132,8378.66,1142.6,1537.48
133,8378.66,1149.75,1537.03
134,8378.66,1156.97,1536.57
135,8378.66,1164.24,1536.18
136,8378.66,1171.54,1535.76
137,8378.66,1178.79,1535.33
138,8378.66,1186.02,1534.87
139,8378.66,1193.33,1534.49
140,8378.66,1200.49,1534.07
141,8378.66,1207.8,1533.66
142,8378.66,1214.98,1533.22
143,8378.66,1222.25,1532.82
144,8378.66,1229.51,1532.39
145,8378.66,1236.75,1532.01
146,8378.66,1244,1531.63
147,8378.66,1251.25,1531.24
148,8378.66,1258.48,1530.86
149,8378.66,1265.64,1530.47
125,8379.91,1091.83,1542.61
126,8379.91,1099.06,1542.14
127,8379.91,1106.28,1541.72
128,8379.91,1113.49,1541.27
129,8379.91,1120.82,1540.8
130,8379.91,1128.03,1540.38
131,8379.91,1135.3,1539.92
132,8379.91,1142.6,1539.5
133,8379.91,1149.76,1539.05
134,8379.91,1156.97,1538.58
135,8379.91,1164.24,1538.2
136,8379.91,1171.54,1537.78
137,8379.91,1178.8,1537.34
138,8379.91,1186.03,1536.88
139,8379.91,1193.34,1536.51
140,8379.91,1200.5,1536.08
141,8379.91,1207.8,1535.68
142,8379.91,1214.99,1535.24
143,8379.91,1222.25,1534.83
144,8379.91,1229.52,1534.41
145,8379.91,1236.75,1534.03
146,8379.91,1244,1533.65
147,8379.91,1251.25,1533.25
148,8379.91,1258.48,1532.87
149,8379.91,1265.64,1532.49
125,8419.47,1091.98,1606.57
126,8419.47,1099.22,1606.1
127,8419.47,1106.44,1605.68
128,8419.47,1113.65,1605.21
129,8419.47,1120.97,1604.75
130,8419.47,1128.18,1604.32
131,8419.47,1135.45,1603.86
132,8419.47,1142.75,1603.43
133,8419.47,1149.91,1602.98
134,8419.47,1157.12,1602.51
135,8419.47,1164.4,1602.12
136,8419.47,1171.7,1601.7
137,8419.47,1178.95,1601.26
138,8419.47,1186.18,1600.8
139,8419.47,1193.49,1600.42
140,8419.47,1200.65,1599.99
141,8419.47,1207.95,1599.58
142,8419.47,1215.14,1599.14
143,8419.47,1222.4,1598.73
144,8419.47,1229.66,1598.3
145,8419.47,1236.9,1597.92
146,8419.47,1244.15,1597.54
147,8419.47,1251.4,1597.14
148,8419.47,1258.62,1596.76
149,8419.47,1265.79,1596.37
125,8420.74,1091.99,1608.62
126,8420.74,1099.22,1608.15
127,8420.74,1106.44,1607.73
128,8420.74,1113.66,1607.27
129,8420.74,1120.97,1606.8
130,8420.74,1128.19,1606.37
131,8420.74,1135.46,1605.91
132,8420.74,1142.76,1605.48
133,8420.74,1149.91,1605.03
134,8420.74,1157.13,1604.56
135,8420.74,1164.4,1604.17
136,8420.74,1171.7,1603.75
137,8420.74,1178.95,1603.31
138,8420.74,1186.18,1602.85
139,8420.74,1193.49,1602.47
140,8420.74,1200.65,1602.04
141,8420.74,1207.96,1601.63
142,8420.74,1215.14,1601.19
143,8420.74,1222.41,1600.78
144,8420.74,1229.67,1600.35
145,8420.74,1236.9,1599.97
146,8420.74,1244.15,1599.59
147,8420.74,1251.4,1599.19
148,8420.74,1258.63,1598.81
149,8420.74,1265.79,1598.42
125,8465.68,1092.13,1681.44
126,8465.68,1099.37,1680.97
127,8465.68,1106.59,1680.54
128,8465.68,1113.8,1680.08
129,8465.68,1121.12,1679.6
130,8465.68,1128.34,1679.18
131,8465.68,1135.6,1678.71
132,8465.68,1142.9,1678.28
133,8465.68,1150.06,1677.82
134,8465.68,1157.27,1677.35
135,8465.68,1164.55,1676.96
136,8465.68,1171.85,1676.53
137,8465.68,1179.09,1676.09
138,8465.68,1186.32,1675.62
139,8465.68,1193.63,1675.23
140,8465.68,1200.79,1674.81
141,8465.68,1208.1,1674.39
142,8465.68,1215.28,1673.95
143,8465.68,1222.55,1673.53
144,8465.68,1229.81,1673.1
145,8465.68,1237.04,1672.72
146,8465.68,1244.29,1672.33
147,8465.68,1251.54,1671.93
148,8465.68,1258.77,1671.54
149,8465.68,1265.93,1671.15
125,8497.69,1092.22,1733.43
126,8497.69,1099.46,1732.95
127,8497.69,1106.68,1732.52
128,8497.69,1113.89,1732.05
129,8497.69,1121.2,1731.57
130,8497.69,1128.42,1731.15
131,8497.69,1135.69,1730.68
132,8497.69,1142.99,1730.24
133,8497.69,1150.14,1729.78
134,8497.69,1157.36,1729.31
135,8497.69,1164.63,1728.91
136,8497.69,1171.93,1728.48
137,8497.69,1179.18,1728.03
138,8497.69,1186.4,1727.56
139,8497.69,1193.72,1727.17
140,8497.69,1200.87,1726.75
141,8497.69,1208.18,1726.33
142,8497.69,1215.36,1725.88
143,8497.69,1222.63,1725.46
144,8497.69,1229.89,1725.03
145,8497.69,1237.12,1724.64
146,8497.69,1244.37,1724.25
147,8497.69,1251.62,1723.85
148,8497.69,1258.85,1723.46
149,8497.69,1266.01,1723.07
125,8593.62,1092.38,1889.79
126,8593.62,1099.61,1889.31
127,8593.62,1106.83,1888.87
128,8593.62,1114.05,1888.39
129,8593.62,1121.36,1887.9
130,8593.62,1128.58,1887.47
131,8593.62,1135.84,1886.99
132,8593.62,1143.15,1886.54
133,8593.62,1150.3,1886.07
134,8593.62,1157.52,1885.59
135,8593.62,1164.79,1885.18
136,8593.62,1172.09,1884.74
137,8593.62,1179.33,1884.28
138,8593.62,1186.56,1883.8
139,8593.62,1193.87,1883.4
140,8593.62,1201.03,1882.97
141,8593.62,1208.34,1882.54
142,8593.62,1215.52,1882.09
143,8593.62,1222.78,1881.65
144,8593.62,1230.04,1881.22
145,8593.62,1237.28,1880.82
146,8593.62,1244.53,1880.43
147,8593.62,1251.78,1880.01
148,8593.62,1259,1879.61
149,8593.62,1266.17,1879.21
125,8637.02,1092.39,1960.85
126,8637.02,1099.63,1960.36
127,8637.02,1106.85,1959.91
128,8637.02,1114.07,1959.43
129,8637.02,1121.38,1958.93
130,8637.02,1128.6,1958.5
131,8637.02,1135.86,1958.02
132,8637.02,1143.17,1957.57
133,8637.02,1150.32,1957.09
134,8637.02,1157.54,1956.61
135,8637.02,1164.81,1956.19
136,8637.02,1172.11,1955.74
137,8637.02,1179.35,1955.28
138,8637.02,1186.58,1954.8
139,8637.02,1193.89,1954.39
140,8637.02,1201.05,1953.96
141,8637.02,1208.36,1953.52
142,8637.02,1215.55,1953.07
143,8637.02,1222.81,1952.62
144,8637.02,1230.07,1952.18
145,8637.02,1237.3,1951.78
146,8637.02,1244.56,1951.39
147,8637.02,1251.8,1950.96
148,8637.02,1259.03,1950.57
149,8637.02,1266.2,1950.16
125,8656.76,1092.39,1993.24
126,8656.76,1099.63,1992.74
127,8656.76,1106.85,1992.29
128,8656.76,1114.07,1991.81
129,8656.76,1121.38,1991.31
130,8656.76,1128.6,1990.88
131,8656.76,1135.86,1990.39
132,8656.76,1143.17,1989.94
133,8656.76,1150.32,1989.45
134,8656.76,1157.54,1988.97
135,8656.76,1164.81,1988.55
136,8656.76,1172.11,1988.11
137,8656.76,1179.35,1987.64
138,8656.76,1186.58,1987.16
139,8656.76,1193.89,1986.75
140,8656.76,1201.05,1986.31
141,8656.76,1208.36,1985.87
142,8656.76,1215.55,1985.42
143,8656.76,1222.81,1984.97
144,8656.76,1230.07,1984.53
145,8656.76,1237.3,1984.12
146,8656.76,1244.56,1983.73
147,8656.76,1251.81,1983.31
148,8656.76,1259.03,1982.91
149,8656.76,1266.2,1982.5
125,8681.88,1092.38,2034.51
126,8681.88,1099.62,2034.01
127,8681.88,1106.83,2033.56
128,8681.88,1114.05,2033.07
129,8681.88,1121.37,2032.57
130,8681.88,1128.58,2032.14
131,8681.88,1135.84,2031.65
132,8681.88,1143.15,2031.19
133,8681.88,1150.31,2030.7
134,8681.88,1157.53,2030.22
135,8681.88,1164.8,2029.8
136,8681.88,1172.09,2029.35
137,8681.88,1179.34,2028.88
138,8681.88,1186.56,2028.39
139,8681.88,1193.88,2027.98
140,8681.88,1201.04,2027.54
141,8681.88,1208.35,2027.1
142,8681.88,1215.54,2026.64
143,8681.88,1222.8,2026.19
144,8681.88,1230.06,2025.75
145,8681.88,1237.29,2025.34
146,8681.88,1244.55,2024.95
147,8681.88,1251.8,2024.52
148,8681.88,1259.02,2024.11
149,8681.88,1266.19,2023.71
125,8684.31,1092.38,2038.5
126,8684.31,1099.62,2038.01
127,8684.31,1106.83,2037.55
128,8684.31,1114.05,2037.07
129,8684.31,1121.37,2036.56
130,8684.31,1128.58,2036.13
131,8684.31,1135.84,2035.64
132,8684.31,1143.15,2035.18
133,8684.31,1150.31,2034.69
134,8684.31,1157.52,2034.21
135,8684.31,1164.8,2033.79
136,8684.31,1172.09,2033.34
137,8684.31,1179.34,2032.87
138,8684.31,1186.56,2032.38
139,8684.31,1193.88,2031.97
140,8684.31,1201.04,2031.53
141,8684.31,1208.35,2031.09
142,8684.31,1215.54,2030.63
143,8684.31,1222.8,2030.18
144,8684.31,1230.06,2029.74
145,8684.31,1237.29,2029.33
146,8684.31,1244.55,2028.93
147,8684.31,1251.8,2028.5
148,8684.31,1259.02,2028.1
149,8684.31,1266.19,2027.7
125,8774.07,1092.23,2186.61
126,8774.07,1099.47,2186.11
127,8774.07,1106.69,2185.63
128,8774.07,1113.91,2185.14
129,8774.07,1121.23,2184.62
130,8774.07,1128.45,2184.18
131,8774.07,1135.7,2183.68
132,8774.07,1143.02,2183.22
133,8774.07,1150.18,2182.72
134,8774.07,1157.39,2182.22
135,8774.07,1164.66,2181.79
136,8774.07,1171.96,2181.33
137,8774.07,1179.21,2180.85
138,8774.07,1186.43,2180.35
139,8774.07,1193.75,2179.93
140,8774.07,1200.91,2179.48
141,8774.07,1208.22,2179.03
142,8774.07,1215.42,2178.57
143,8774.07,1222.67,2178.11
144,8774.07,1229.95,2177.65
145,8774.07,1237.17,2177.24
146,8774.07,1244.44,2176.83
147,8774.07,1251.69,2176.39
148,8774.07,1258.91,2175.98
149,8774.07,1266.08,2175.57
125,8783.03,1092.21,2201.46
126,8783.03,1099.45,2200.96
127,8783.03,1106.67,2200.48
128,8783.03,1113.89,2199.98
129,8783.03,1121.21,2199.46
130,8783.03,1128.42,2199.03
131,8783.03,1135.68,2198.52
132,8783.03,1143,2198.06
133,8783.03,1150.16,2197.56
134,8783.03,1157.37,2197.06
135,8783.03,1164.64,2196.63
136,8783.03,1171.94,2196.17
137,8783.03,1179.19,2195.68
138,8783.03,1186.41,2195.19
139,8783.03,1193.73,2194.76
140,8783.03,1200.89,2194.32
141,8783.03,1208.2,2193.86
142,8783.03,1215.4,2193.4
143,8783.03,1222.65,2192.94
144,8783.03,1229.93,2192.48
145,8783.03,1237.16,2192.07
146,8783.03,1244.42,2191.66
147,8783.03,1251.67,2191.22
148,8783.03,1258.89,2190.81
149,8783.03,1266.07,2190.39
125,8786.17,1092.2,2206.65
126,8786.17,1099.44,2206.15
127,8786.17,1106.66,2205.67
128,8786.17,1113.88,2205.17
129,8786.17,1121.2,2204.65
130,8786.17,1128.42,2204.22
131,8786.17,1135.67,2203.71
132,8786.17,1142.99,2203.25
133,8786.17,1150.15,2202.74
134,8786.17,1157.36,2202.25
135,8786.17,1164.64,2201.81
136,8786.17,1171.93,2201.35
137,8786.17,1179.18,2200.87
138,8786.17,1186.41,2200.37
139,8786.17,1193.73,2199.95
140,8786.17,1200.89,2199.5
141,8786.17,1208.19,2199.05
142,8786.17,1215.39,2198.58
143,8786.17,1222.65,2198.12
144,8786.17,1229.92,2197.67
145,8786.17,1237.15,2197.25
146,8786.17,1244.42,2196.84
147,8786.17,1251.66,2196.4
148,8786.17,1258.88,2195.99
149,8786.17,1266.06,2195.57
125,8856.3,1091.97,2323.17
126,8856.3,1099.21,2322.66
127,8856.3,1106.43,2322.17
128,8856.3,1113.65,2321.66
129,8856.3,1120.98,2321.14
130,8856.3,1128.19,2320.69
131,8856.3,1135.45,2320.18
132,8856.3,1142.77,2319.71
133,8856.3,1149.93,2319.19
134,8856.3,1157.15,2318.69
135,8856.3,1164.42,2318.25
136,8856.3,1171.71,2317.78
137,8856.3,1178.97,2317.29
138,8856.3,1186.19,2316.78
139,8856.3,1193.52,2316.35
140,8856.3,1200.68,2315.9
141,8856.3,1207.99,2315.44
142,8856.3,1215.19,2314.97
143,8856.3,1222.45,2314.5
144,8856.3,1229.73,2314.03
145,8856.3,1236.95,2313.61
146,8856.3,1244.22,2313.2
147,8856.3,1251.47,2312.74
148,8856.3,1258.7,2312.32
149,8856.3,1265.87,2311.9
125,8868.19,1091.92,2342.99
126,8868.19,1099.17,2342.48
127,8868.19,1106.38,2341.98
128,8868.19,1113.61,2341.48
129,8868.19,1120.93,2340.95
130,8868.19,1128.15,2340.51
131,8868.19,1135.4,2339.99
132,8868.19,1142.73,2339.52
133,8868.19,1149.89,2339.01
134,8868.19,1157.1,2338.5
135,8868.19,1164.38,2338.06
136,8868.19,1171.67,2337.59
137,8868.19,1178.93,2337.09
138,8868.19,1186.15,2336.59
139,8868.19,1193.47,2336.16
140,8868.19,1200.64,2335.7
141,8868.19,1207.95,2335.24
142,8868.19,1215.15,2334.77
143,8868.19,1222.4,2334.29
144,8868.19,1229.69,2333.83
145,8868.19,1236.91,2333.4
146,8868.19,1244.18,2332.99
147,8868.19,1251.43,2332.54
148,8868.19,1258.66,2332.12
149,8868.19,1265.83,2331.69
125,8921.95,1091.67,2432.84
126,8921.95,1098.92,2432.33
127,8921.95,1106.13,2431.81
128,8921.95,1113.36,2431.31
129,8921.95,1120.69,2430.77
130,8921.95,1127.91,2430.32
131,8921.95,1135.17,2429.8
132,8921.95,1142.49,2429.32
133,8921.95,1149.65,2428.8
134,8921.95,1156.87,2428.29
135,8921.95,1164.14,2427.84
136,8921.95,1171.44,2427.36
137,8921.95,1178.7,2426.86
138,8921.95,1185.92,2426.35
139,8921.95,1193.25,2425.92
140,8921.95,1200.41,2425.45
141,8921.95,1207.73,2424.99
142,8921.95,1214.93,2424.51
143,8921.95,1222.19,2424.03
144,8921.95,1229.48,2423.56
145,8921.95,1236.7,2423.13
146,8921.95,1243.97,2422.71
147,8921.95,1251.22,2422.25
148,8921.95,1258.45,2421.82
149,8921.95,1265.63,2421.39
125,9222.59,1089.43,2943.23
126,9222.59,1096.69,2942.69
127,9222.59,1103.91,2942.16
128,9222.59,1111.17,2941.62
129,9222.59,1118.51,2941.06
130,9222.59,1125.75,2940.57
131,9222.59,1133.02,2939.99
132,9222.59,1140.34,2939.51
133,9222.59,1147.53,2938.95
134,9222.59,1154.76,2938.41
135,9222.59,1162.03,2937.95
136,9222.59,1169.35,2937.43
137,9222.59,1176.63,2936.91
138,9222.59,1183.87,2936.36
139,9222.59,1191.2,2935.91
140,9222.59,1198.39,2935.41
141,9222.59,1205.72,2934.91
142,9222.59,1212.91,2934.39
143,9222.59,1220.21,2933.9
144,9222.59,1227.52,2933.38
145,9222.59,1234.74,2932.93
146,9222.59,1242.04,2932.46
147,9222.59,1249.29,2931.99
148,9222.59,1256.55,2931.52
149,9222.59,1263.72,2931.04
125,9224.11,1089.42,2945.85
126,9224.11,1096.67,2945.31
127,9224.11,1103.9,2944.78
128,9224.11,1111.15,2944.24
129,9224.11,1118.5,2943.68
130,9224.11,1125.73,2943.18
131,9224.11,1133.01,2942.61
132,9224.11,1140.33,2942.13
133,9224.11,1147.51,2941.57
134,9224.11,1154.75,2941.03
135,9224.11,1162.02,2940.57
136,9224.11,1169.33,2940.05
137,9224.11,1176.61,2939.53
138,9224.11,1183.85,2938.98
139,9224.11,1191.19,2938.52
140,9224.11,1198.37,2938.02
141,9224.11,1205.7,2937.53
142,9224.11,1212.9,2937.01
143,9224.11,1220.2,2936.51
144,9224.11,1227.51,2935.99
145,9224.11,1234.73,2935.55
146,9224.11,1242.02,2935.07
147,9224.11,1249.28,2934.61
148,9224.11,1256.54,2934.14
149,9224.11,1263.7,2933.66
125,9375.88,1087.88,3209.17
126,9375.88,1095.14,3208.61
127,9375.88,1102.37,3208.11
128,9375.88,1109.65,3207.56
129,9375.88,1117,3206.99
130,9375.88,1124.25,3206.47
131,9375.88,1131.54,3205.87
132,9375.88,1138.84,3205.39
133,9375.88,1146.04,3204.82
134,9375.88,1153.31,3204.26
135,9375.88,1160.56,3203.81
136,9375.88,1167.9,3203.27
137,9375.88,1175.18,3202.75
138,9375.88,1182.43,3202.19
139,9375.88,1189.77,3201.71
140,9375.88,1196.97,3201.22
141,9375.88,1204.32,3200.69
142,9375.88,1211.49,3200.16
143,9375.88,1218.83,3199.65
144,9375.88,1226.13,3199.11
145,9375.88,1233.37,3198.66
146,9375.88,1240.67,3198.15
147,9375.88,1247.92,3197.72
148,9375.88,1255.21,3197.22
149,9375.88,1262.37,3196.71
125,7589.5,1086.52,289.885
126,7589.5,1093.74,289.457
127,7589.5,1101,289.016
128,7589.5,1108.18,288.59
129,7589.5,1115.52,288.146
130,7589.5,1122.78,287.745
131,7589.5,1130.03,287.306
132,7589.5,1137.36,286.929
133,7589.5,1144.55,286.482
134,7589.5,1151.82,286.055
135,7589.5,1159.08,285.691
136,7589.5,1166.4,285.286
137,7589.5,1173.66,284.898
138,7589.5,1180.95,284.452
139,7589.5,1188.25,284.108
140,7589.5,1195.44,283.704
141,7589.5,1202.77,283.334
142,7589.5,1209.98,282.908
143,7589.5,1217.26,282.522
144,7589.5,1224.54,282.124
145,7589.5,1231.79,281.744
146,7589.5,1239.07,281.383
147,7589.5,1246.34,281.021
148,7589.5,1253.59,280.651
149,7589.5,1260.8,280.255
125,7603.64,1086.59,311.852
126,7603.64,1093.82,311.421
127,7603.64,1101.08,310.986
128,7603.64,1108.26,310.56
129,7603.64,1115.6,310.116
130,7603.64,1122.86,309.719
131,7603.64,1130.11,309.281
132,7603.64,1137.45,308.9
133,7603.64,1144.63,308.452
134,7603.64,1151.91,308.024
135,7603.64,1159.16,307.661
136,7603.64,1166.48,307.256
137,7603.64,1173.74,306.865
138,7603.64,1181.03,306.421
139,7603.64,1188.33,306.072
140,7603.64,1195.52,305.674
141,7603.64,1202.84,305.3
142,7603.64,1210.06,304.879
143,7603.64,1217.33,304.485
144,7603.64,1224.62,304.089
145,7603.64,1231.87,303.711
146,7603.64,1239.15,303.356
147,7603.64,1246.42,302.995
148,7603.64,1253.67,302.623
149,7603.64,1260.88,302.229
125,7687.36,1087.1,442.338
126,7687.36,1094.36,441.9
127,7687.36,1101.61,441.482
128,7687.36,1108.8,441.057
129,7687.36,1116.15,440.616
130,7687.36,1123.4,440.234
131,7687.36,1130.64,439.799
132,7687.36,1137.98,439.401
133,7687.36,1145.16,438.953
134,7687.36,1152.45,438.52
135,7687.36,1159.68,438.159
136,7687.36,1167.01,437.754
137,7687.36,1174.25,437.351
138,7687.36,1181.53,436.91
139,7687.36,1188.84,436.549
140,7687.36,1196.02,436.169
141,7687.36,1203.34,435.781
142,7687.36,1210.56,435.382
143,7687.36,1217.82,434.961
144,7687.36,1225.12,434.57
145,7687.36,1232.37,434.2
146,7687.36,1239.65,433.867
147,7687.36,1246.93,433.506
148,7687.36,1254.18,433.129
149,7687.36,1261.37,432.747
125,7696.66,1087.16,456.867
126,7696.66,1094.42,456.428
127,7696.66,1101.67,456.011
128,7696.66,1108.86,455.585
129,7696.66,1116.22,455.145
130,7696.66,1123.47,454.764
131,7696.66,1130.7,454.329
132,7696.66,1138.04,453.93
133,7696.66,1145.22,453.482
134,7696.66,1152.51,453.049
135,7696.66,1159.74,452.688
136,7696.66,1167.07,452.283
137,7696.66,1174.31,451.879
138,7696.66,1181.59,451.438
139,7696.66,1188.9,451.077
140,7696.66,1196.08,450.697
141,7696.66,1203.4,450.309
142,7696.66,1210.61,449.912
143,7696.66,1217.88,449.488
144,7696.66,1225.18,449.097
145,7696.66,1232.43,448.728
146,7696.66,1239.71,448.397
147,7696.66,1246.98,448.035
148,7696.66,1254.24,447.659
149,7696.66,1261.43,447.277
125,7856.98,1088.32,708.533
126,7856.98,1095.59,708.094
127,7856.98,1102.84,707.675
128,7856.98,1110.03,707.248
129,7856.98,1117.39,706.814
130,7856.98,1124.63,706.434
131,7856.98,1131.86,705.996
132,7856.98,1139.2,705.591
133,7856.98,1146.37,705.148
134,7856.98,1153.64,704.707
135,7856.98,1160.88,704.347
136,7856.98,1168.2,703.945
137,7856.98,1175.44,703.533
138,7856.98,1182.71,703.09
139,7856.98,1190.02,702.734
140,7856.98,1197.2,702.341
141,7856.98,1204.5,701.957
142,7856.98,1211.72,701.565
143,7856.98,1218.98,701.145
144,7856.98,1226.29,700.75
145,7856.98,1233.52,700.388
146,7856.98,1240.8,700.056
147,7856.98,1248.07,699.686
148,7856.98,1255.32,699.313
149,7856.98,1262.5,698.941
125,8061.72,1089.9,1032.72
126,8061.72,1097.15,1032.28
127,8061.72,1104.39,1031.86
128,8061.72,1111.58,1031.42
129,8061.72,1118.93,1030.99
130,8061.72,1126.15,1030.59
131,8061.72,1133.41,1030.14
132,8061.72,1140.73,1029.74
133,8061.72,1147.89,1029.3
134,8061.72,1155.13,1028.85
135,8061.72,1162.39,1028.49
136,8061.72,1169.69,1028.09
137,8061.72,1176.95,1027.67
138,8061.72,1184.2,1027.22
139,8061.72,1191.51,1026.87
140,8061.72,1198.68,1026.45
141,8061.72,1205.99,1026.08
142,8061.72,1213.19,1025.66
143,8061.72,1220.45,1025.27
144,8061.72,1227.75,1024.86
145,8061.72,1234.97,1024.5
146,8061.72,1242.24,1024.14
147,8061.72,1249.5,1023.76
148,8061.72,1256.74,1023.39
149,8061.72,1263.9,1023.02
125,8192.31,1090.81,1241.06
126,8192.31,1098.05,1240.62
127,8192.31,1105.28,1240.19
128,8192.31,1112.48,1239.75
129,8192.31,1119.82,1239.31
130,8192.31,1127.04,1238.9
131,8192.31,1134.3,1238.45
132,8192.31,1141.61,1238.04
133,8192.31,1148.77,1237.6
134,8192.31,1155.99,1237.15
135,8192.31,1163.26,1236.78
136,8192.31,1170.56,1236.37
137,8192.31,1177.82,1235.95
138,8192.31,1185.06,1235.49
139,8192.31,1192.37,1235.14
140,8192.31,1199.54,1234.71
141,8192.31,1206.84,1234.33
142,8192.31,1214.04,1233.91
143,8192.31,1221.3,1233.52
144,8192.31,1228.58,1233.1
145,8192.31,1235.81,1232.73
146,8192.31,1243.07,1232.36
147,8192.31,1250.33,1231.98
148,8192.31,1257.56,1231.61
149,8192.31,1264.72,1231.23
125,8511.21,1092.25,1755.41
126,8511.21,1099.49,1754.93
127,8511.21,1106.71,1754.5
128,8511.21,1113.92,1754.03
129,8511.21,1121.24,1753.55
130,8511.21,1128.45,1753.12
131,8511.21,1135.72,1752.65
132,8511.21,1143.02,1752.22
133,8511.21,1150.18,1751.75
134,8511.21,1157.39,1751.28
135,8511.21,1164.66,1750.88
136,8511.21,1171.96,1750.45
137,8511.21,1179.21,1750
138,8511.21,1186.43,1749.53
139,8511.21,1193.75,1749.13
140,8511.21,1200.91,1748.71
141,8511.21,1208.21,1748.29
142,8511.21,1215.39,1747.84
143,8511.21,1222.66,1747.42
144,8511.21,1229.92,1746.99
145,8511.21,1237.15,1746.59
146,8511.21,1244.41,1746.21
147,8511.21,1251.65,1745.8
148,8511.21,1258.88,1745.41
149,8511.21,1266.04,1745.02
125,8776.46,1092.22,2190.57
126,8776.46,1099.47,2190.07
127,8776.46,1106.68,2189.59
128,8776.46,1113.91,2189.1
129,8776.46,1121.22,2188.58
130,8776.46,1128.44,2188.14
131,8776.46,1135.7,2187.64
132,8776.46,1143.01,2187.18
133,8776.46,1150.17,2186.68
134,8776.46,1157.39,2186.18
135,8776.46,1164.66,2185.75
136,8776.46,1171.95,2185.29
137,8776.46,1179.21,2184.81
138,8776.46,1186.43,2184.31
139,8776.46,1193.75,2183.89
140,8776.46,1200.91,2183.44
141,8776.46,1208.22,2182.99
142,8776.46,1215.41,2182.53
143,8776.46,1222.67,2182.06
144,8776.46,1229.94,2181.61
145,8776.46,1237.17,2181.19
146,8776.46,1244.44,2180.79
147,8776.46,1251.68,2180.35
148,8776.46,1258.9,2179.94
149,8776.46,1266.08,2179.52
125,8779.16,1092.22,2195.04
126,8779.16,1099.46,2194.54
127,8779.16,1106.68,2194.07
128,8779.16,1113.9,2193.57
129,8779.16,1121.22,2193.05
130,8779.16,1128.43,2192.62
131,8779.16,1135.69,2192.11
132,8779.16,1143.01,2191.65
133,8779.16,1150.16,2191.15
134,8779.16,1157.38,2190.65
135,8779.16,1164.65,2190.22
136,8779.16,1171.95,2189.76
137,8779.16,1179.2,2189.27
138,8779.16,1186.42,2188.78
139,8779.16,1193.74,2188.36
140,8779.16,1200.9,2187.91
141,8779.16,1208.21,2187.46
142,8779.16,1215.41,2186.99
143,8779.16,1222.66,2186.53
144,8779.16,1229.94,2186.08
145,8779.16,1237.16,2185.66
146,8779.16,1244.43,2185.26
147,8779.16,1251.68,2184.81
148,8779.16,1258.9,2184.4
149,8779.16,1266.07,2183.99
125,8931.14,1091.62,2448.24
126,8931.14,1098.87,2447.73
127,8931.14,1106.09,2447.22
128,8931.14,1113.32,2446.71
129,8931.14,1120.64,2446.17
130,8931.14,1127.86,2445.72
131,8931.14,1135.12,2445.2
132,8931.14,1142.44,2444.72
133,8931.14,1149.61,2444.2
134,8931.14,1156.82,2443.69
135,8931.14,1164.1,2443.24
136,8931.14,1171.39,2442.76
137,8931.14,1178.66,2442.26
138,8931.14,1185.88,2441.74
139,8931.14,1193.21,2441.31
140,8931.14,1200.37,2440.84
141,8931.14,1207.68,2440.38
142,8931.14,1214.89,2439.9
143,8931.14,1222.14,2439.42
144,8931.14,1229.43,2438.95
145,8931.14,1236.65,2438.52
146,8931.14,1243.93,2438.1
147,8931.14,1251.18,2437.63
148,8931.14,1258.41,2437.21
149,8931.14,1265.59,2436.77
125,9354.8,1088.1,3172.36
126,9354.8,1095.37,3171.8
132,9354.8,1139.06,3168.58
133,9354.8,1146.26,3168.01
135,9354.8,1160.77,3167.01
136,9354.8,1168.11,3166.47
138,9354.8,1182.64,3165.39
139,9354.8,1189.98,3164.92
141,9354.8,1204.52,3163.9
142,9354.8,1211.69,3163.37
144,9354.8,1226.33,3162.32
145,9354.8,1233.57,3161.87
146,9354.8,1240.87,3161.37
148,9354.8,1255.41,3160.44
149,9354.8,1262.56,3159.93
125,9754.43,1084,3883.25
126,9754.43,1091.29,3882.63
127,9754.43,1098.55,3882.16
128,9754.43,1105.79,3881.58
129,9754.43,1113.17,3881
130,9754.43,1120.45,3880.47
131,9754.43,1127.72,3879.88
132,9754.43,1135.07,3879.36
133,9754.43,1142.29,3878.8
134,9754.43,1149.58,3878.21
135,9754.43,1156.85,3877.75
136,9754.43,1164.22,3877.2
137,9754.43,1171.49,3876.67
138,9754.43,1178.78,3876.1
139,9754.43,1186.11,3875.59
140,9754.43,1193.32,3875.11
141,9754.43,1200.7,3874.56
142,9754.43,1207.9,3874.02
143,9754.43,1215.25,3873.49
144,9754.43,1222.56,3872.95
145,9754.43,1229.84,3872.48
146,9754.43,1237.14,3871.97
147,9754.43,1244.45,3871.53
148,9754.43,1251.74,3871.03
149,9754.43,1258.94,3870.51
125,8233.9,1091.07,1307.68
126,8233.9,1098.31,1307.23
127,8233.9,1105.54,1306.8
128,8233.9,1112.74,1306.36
129,8233.9,1120.08,1305.91
130,8233.9,1127.29,1305.5
131,8233.9,1134.56,1305.05
132,8233.9,1141.87,1304.64
133,8233.9,1149.02,1304.19
134,8233.9,1156.24,1303.74
135,8233.9,1163.51,1303.37
136,8233.9,1170.81,1302.96
137,8233.9,1178.07,1302.53
138,8233.9,1185.31,1302.08
139,8233.9,1192.62,1301.72
140,8233.9,1199.78,1301.29
141,8233.9,1207.09,1300.91
142,8233.9,1214.28,1300.48
143,8233.9,1221.54,1300.09
144,8233.9,1228.82,1299.67
145,8233.9,1236.05,1299.3
146,8233.9,1243.3,1298.93
147,8233.9,1250.56,1298.54
148,8233.9,1257.79,1298.17
149,8233.9,1264.95,1297.79
125,8349.74,1091.69,1493.93
126,8349.74,1098.93,1493.46
127,8349.74,1106.15,1493.04
128,8349.74,1113.36,1492.59
129,8349.74,1120.68,1492.13
130,8349.74,1127.9,1491.71
131,8349.74,1135.17,1491.25
132,8349.74,1142.47,1490.83
133,8349.74,1149.63,1490.38
134,8349.74,1156.84,1489.92
135,8349.74,1164.11,1489.54
136,8349.74,1171.42,1489.12
137,8349.74,1178.67,1488.69
138,8349.74,1185.9,1488.23
139,8349.74,1193.21,1487.86
140,8349.74,1200.37,1487.43
141,8349.74,1207.68,1487.03
142,8349.74,1214.86,1486.59
143,8349.74,1222.13,1486.19
144,8349.74,1229.4,1485.77
145,8349.74,1236.63,1485.39
146,8349.74,1243.88,1485.01
147,8349.74,1251.13,1484.62
148,8349.74,1258.36,1484.24
149,8349.74,1265.52,1483.86
125,8821.83,1092.09,2265.83
126,8821.83,1099.34,2265.32
127,8821.83,1106.55,2264.83
128,8821.83,1113.78,2264.34
129,8821.83,1121.1,2263.81
130,8821.83,1128.31,2263.37
131,8821.83,1135.57,2262.86
132,8821.83,1142.89,2262.39
133,8821.83,1150.05,2261.89
134,8821.83,1157.26,2261.39
135,8821.83,1164.54,2260.95
136,8821.83,1171.83,2260.48
137,8821.83,1179.09,2259.99
138,8821.83,1186.31,2259.49
139,8821.83,1193.63,2259.07
140,8821.83,1200.79,2258.62
141,8821.83,1208.1,2258.16
142,8821.83,1215.3,2257.69
143,8821.83,1222.56,2257.23
144,8821.83,1229.83,2256.77
145,8821.83,1237.06,2256.34
146,8821.83,1244.33,2255.94
147,8821.83,1251.58,2255.49
148,8821.83,1258.8,2255.07
149,8821.83,1265.97,2254.65
125,8864.75,1091.93,2337.25
126,8864.75,1099.18,2336.75
127,8864.75,1106.4,2336.25
128,8864.75,1113.62,2335.75
129,8864.75,1120.94,2335.22
130,8864.75,1128.16,2334.77
131,8864.75,1135.42,2334.26
132,8864.75,1142.74,2333.79
133,8864.75,1149.9,2333.27
134,8864.75,1157.11,2332.77
135,8864.75,1164.39,2332.33
136,8864.75,1171.68,2331.86
137,8864.75,1178.94,2331.36
138,8864.75,1186.16,2330.85
139,8864.75,1193.49,2330.43
140,8864.75,1200.65,2329.97
141,8864.75,1207.96,2329.51
142,8864.75,1215.16,2329.04
143,8864.75,1222.42,2328.57
144,8864.75,1229.7,2328.1
145,8864.75,1236.92,2327.68
146,8864.75,1244.2,2327.26
147,8864.75,1251.45,2326.81
148,8864.75,1258.67,2326.39
149,8864.75,1265.84,2325.96
125,8933.28,1091.61,2451.83
126,8933.28,1098.86,2451.32
127,8933.28,1106.08,2450.8
128,8933.28,1113.31,2450.29
129,8933.28,1120.63,2449.76
130,8933.28,1127.85,2449.31
131,8933.28,1135.11,2448.78
132,8933.28,1142.43,2448.3
133,8933.28,1149.6,2447.78
134,8933.28,1156.81,2447.27
135,8933.28,1164.09,2446.82
136,8933.28,1171.38,2446.34
137,8933.28,1178.65,2445.84
138,8933.28,1185.87,2445.32
139,8933.28,1193.2,2444.89
140,8933.28,1200.36,2444.42
141,8933.28,1207.67,2443.96
142,8933.28,1214.88,2443.48
143,8933.28,1222.13,2443
144,8933.28,1229.42,2442.53
145,8933.28,1236.64,2442.1
146,8933.28,1243.92,2441.67
147,8933.28,1251.17,2441.21
148,8933.28,1258.4,2440.78
149,8933.28,1265.58,2440.35
125,8954.71,1091.5,2487.78
126,8954.71,1098.74,2487.27
127,8954.71,1105.96,2486.75
128,8954.71,1113.19,2486.24
129,8954.71,1120.52,2485.7
130,8954.71,1127.74,2485.25
131,8954.71,1135,2484.72
132,8954.71,1142.32,2484.24
133,8954.71,1149.48,2483.72
134,8954.71,1156.7,2483.2
135,8954.71,1163.98,2482.75
136,8954.71,1171.27,2482.27
137,8954.71,1178.54,2481.77
138,8954.71,1185.76,2481.25
139,8954.71,1193.09,2480.81
140,8954.71,1200.25,2480.34
141,8954.71,1207.57,2479.87
142,8954.71,1214.77,2479.39
143,8954.71,1222.03,2478.92
144,8954.71,1229.32,2478.44
145,8954.71,1236.54,2478
146,8954.71,1243.82,2477.58
147,8954.71,1251.07,2477.12
148,8954.71,1258.3,2476.69
149,8954.71,1265.48,2476.25
125,9047.93,1090.9,2645.01
126,9047.93,1098.15,2644.48
127,9047.93,1105.37,2643.95
128,9047.93,1112.6,2643.43
129,9047.93,1119.94,2642.88
130,9047.93,1127.16,2642.42
131,9047.93,1134.42,2641.87
132,9047.93,1141.75,2641.39
133,9047.93,1148.92,2640.85
134,9047.93,1156.14,2640.33
135,9047.93,1163.41,2639.87
136,9047.93,1170.71,2639.38
137,9047.93,1177.99,2638.87
138,9047.93,1185.21,2638.34
139,9047.93,1192.54,2637.9
140,9047.93,1199.71,2637.41
141,9047.93,1207.03,2636.94
142,9047.93,1214.24,2636.44
143,9047.93,1221.5,2635.96
144,9047.93,1228.81,2635.47
145,9047.93,1236.02,2635.03
146,9047.93,1243.31,2634.59
147,9047.93,1250.56,2634.12
148,9047.93,1257.8,2633.68
149,9047.93,1264.97,2633.23
125,9165.17,1089.96,2844.64
126,9165.17,1097.21,2844.1
127,9165.17,1104.43,2843.57
128,9165.17,1111.68,2843.03
129,9165.17,1119.03,2842.48
130,9165.17,1126.25,2841.99
131,9165.17,1133.53,2841.42
132,9165.17,1140.85,2840.95
133,9165.17,1148.02,2840.39
134,9165.17,1155.25,2839.86
135,9165.17,1162.53,2839.4
136,9165.17,1169.83,2838.89
137,9165.17,1177.11,2838.37
138,9165.17,1184.35,2837.83
139,9165.17,1191.68,2837.38
140,9165.17,1198.86,2836.88
141,9165.17,1206.19,2836.39
142,9165.17,1213.39,2835.88
143,9165.17,1220.68,2835.39
144,9165.17,1227.98,2834.88
145,9165.17,1235.2,2834.43
146,9165.17,1242.5,2833.97
147,9165.17,1249.75,2833.5
148,9165.17,1257,2833.04
149,9165.17,1264.17,2832.57
125,9170.04,1089.92,2852.98
126,9170.04,1097.17,2852.45
127,9170.04,1104.39,2851.91
128,9170.04,1111.64,2851.38
129,9170.04,1118.98,2850.82
130,9170.04,1126.21,2850.34
131,9170.04,1133.48,2849.77
132,9170.04,1140.81,2849.29
133,9170.04,1147.98,2848.74
134,9170.04,1155.21,2848.2
135,9170.04,1162.49,2847.74
136,9170.04,1169.79,2847.23
137,9170.04,1177.07,2846.71
138,9170.04,1184.31,2846.17
139,9170.04,1191.64,2845.72
140,9170.04,1198.82,2845.22
141,9170.04,1206.15,2844.73
142,9170.04,1213.35,2844.22
143,9170.04,1220.64,2843.73
144,9170.04,1227.94,2843.22
145,9170.04,1235.16,2842.77
146,9170.04,1242.46,2842.31
147,9170.04,1249.71,2841.84
148,9170.04,1256.96,2841.38
149,9170.04,1264.13,2840.91
125,9377.33,1087.86,3211.71
126,9377.33,1095.13,3211.14
127,9377.33,1102.35,3210.64
128,9377.33,1109.63,3210.09
129,9377.33,1116.98,3209.53
130,9377.33,1124.23,3209
131,9377.33,1131.52,3208.4
132,9377.33,1138.83,3207.92
133,9377.33,1146.03,3207.35
134,9377.33,1153.29,3206.8
135,9377.33,1160.55,3206.35
136,9377.33,1167.89,3205.81
137,9377.33,1175.16,3205.29
138,9377.33,1182.42,3204.72
139,9377.33,1189.76,3204.25
140,9377.33,1196.96,3203.76
141,9377.33,1204.3,3203.23
142,9377.33,1211.47,3202.69
143,9377.33,1218.82,3202.18
144,9377.33,1226.12,3201.64
145,9377.33,1233.36,3201.19
146,9377.33,1240.65,3200.69
147,9377.33,1247.91,3200.25
148,9377.33,1255.2,3199.75
149,9377.33,1262.36,3199.25
125,9515.99,1086.36,3455.82
126,9515.99,1093.64,3455.23
127,9515.99,1100.87,3454.78
128,9515.99,1108.16,3454.21
129,9515.99,1115.51,3453.64
130,9515.99,1122.78,3453.1
131,9515.99,1130.07,3452.48
132,9515.99,1137.38,3452
133,9515.99,1144.59,3451.43
134,9515.99,1151.89,3450.86
135,9515.99,1159.12,3450.42
136,9515.99,1166.49,3449.87
137,9515.99,1173.75,3449.35
138,9515.99,1181.03,3448.78
139,9515.99,1188.36,3448.28
140,9515.99,1195.58,3447.81
141,9515.99,1202.93,3447.25
142,9515.99,1210.09,3446.7
143,9515.99,1217.47,3446.18
144,9515.99,1224.75,3445.62
145,9515.99,1232.02,3445.18
146,9515.99,1239.32,3444.65
147,9515.99,1246.58,3444.24
148,9515.99,1253.89,3443.72
149,9515.99,1261.05,3443.19
125,9687.98,1084.59,3763.2
126,9687.98,1091.88,3762.58
127,9687.98,1099.13,3762.15
128,9687.98,1106.4,3761.57
129,9687.98,1113.77,3761
130,9687.98,1121.04,3760.45
131,9687.98,1128.33,3759.85
132,9687.98,1135.65,3759.34
133,9687.98,1142.88,3758.78
135,9687.98,1157.43,3757.75
136,9687.98,1164.81,3757.19
137,9687.98,1172.07,3756.67
138,9687.98,1179.36,3756.09
139,9687.98,1186.69,3755.58
140,9687.98,1193.91,3755.12
141,9687.98,1201.28,3754.55
142,9687.98,1208.45,3754.01
143,9687.98,1215.83,3753.47
144,9687.98,1223.12,3752.92
145,9687.98,1230.41,3752.46
146,9687.98,1237.7,3751.94
147,9687.98,1244.99,3751.53
148,9687.98,1252.3,3751.01
149,9687.98,1259.48,3750.48
125,9720.83,1084.29,3822.46
126,9720.83,1091.58,3821.84
127,9720.83,1098.84,3821.39
128,9720.83,1106.09,3820.82
129,9720.83,1113.46,3820.24
130,9720.83,1120.74,3819.7
131,9720.83,1128.02,3819.1
132,9720.83,1135.35,3818.59
133,9720.83,1142.58,3818.02
134,9720.83,1149.88,3817.44
135,9720.83,1157.13,3816.98
136,9720.83,1164.51,3816.43
137,9720.83,1171.78,3815.9
138,9720.83,1179.06,3815.33
139,9720.83,1186.39,3814.82
140,9720.83,1193.62,3814.35
141,9720.83,1200.98,3813.79
142,9720.83,1208.17,3813.25
143,9720.83,1215.54,3812.71
144,9720.83,1222.84,3812.17
145,9720.83,1230.12,3811.71
146,9720.83,1237.42,3811.19
147,9720.83,1244.71,3810.76
148,9720.83,1252.01,3810.25
149,9720.83,1259.2,3809.73
125,9802.38,1083.63,3970.27
126,9802.38,1090.91,3969.66
127,9802.38,1098.19,3969.14
128,9802.38,1105.39,3968.56
129,9802.38,1112.79,3967.98
130,9802.38,1120.06,3967.46
131,9802.38,1127.31,3966.88
132,9802.38,1134.69,3966.35
133,9802.38,1141.91,3965.79
134,9802.38,1149.17,3965.2
135,9802.38,1156.47,3964.71
136,9802.38,1163.82,3964.19
137,9802.38,1171.12,3963.64
138,9802.38,1178.4,3963.07
139,9802.38,1185.72,3962.58
140,9802.38,1192.93,3962.07
141,9802.38,1200.31,3961.54
142,9802.38,1207.55,3961.02
143,9802.38,1214.86,3960.5
144,9802.38,1222.21,3959.97
145,9802.38,1229.47,3959.49
146,9802.38,1236.78,3958.99
147,9802.38,1244.1,3958.51
148,9802.38,1251.36,3958.02
149,9802.38,1258.59,3957.52
