--- GHOST SPOTS (Python Only) ---
Fiber,Wavelength,X,Y
125,8670.325,1092.3801729352372,2015.2749159765663
125,9227.03,1089.3836208567332,2950.6345478501325
125,8378.661,1091.8098515259032,1540.36004141779
125,8379.9093,1091.8151853565284,1542.3758792699682
125,8419.4727,1091.972530773375,1606.3342273753656
125,8420.7398,1091.977187438636,1608.3848569988522
125,8681.8775,1092.3724125918463,2034.2647953385367
125,8684.3062,1092.370471510718,2038.258984962013
125,8774.0664,1092.2229232088998,2186.360382353478
125,8783.0336,1092.2000630404134,2201.209429011278
125,8786.166,1092.191730708253,2206.398824282412
125,8868.1905,1091.9100858965437,2342.7357608233706
125,9222.59,1089.425480530018,2942.987549544221
125,9224.1108,1089.4111653235848,2945.606443547705
125,9375.8796,1087.8845121332693,3208.9548134278384
125,8776.46,1092.2169652566197,2190.32303590942
125,8779.1607,1092.210116895135,2194.7949540080494
125,8931.1447,1091.6125903097475,2447.9869501073476
125,9354.8,1088.105857025584,3172.1389680625443
125,8864.75,1091.9243339938057,2336.9993560039475
125,8933.282,1091.6012835121924,2451.5699555730275
125,9377.33,1087.8692057235526,3211.4908119922875
125,9687.98,1084.6183713139294,3762.993780264511
126,8670.325,1099.6368625072594,2014.8057091752833
126,9227.03,1096.6548292312393,2950.0945506888147
126,7440.9469,1093.004455135509,59.59043934184638
126,8378.661,1099.0621338875837,1539.918312142939
126,8379.9093,1099.0674703424884,1541.9340556688992
126,8419.4727,1099.22497793487,1605.8893370113308
126,8420.7398,1099.229642321344,1607.9398657558454
126,8681.8775,1099.6294030737815,2033.7942347689186
126,8684.3062,1099.6275260636849,2037.7881371996198
126,8774.0664,1099.4825018648107,2185.8783352031624
126,8783.0336,1099.4599062018733,2200.726206573114
126,8786.166,1099.4516666059146,2205.915189201146
126,8868.1905,1099.1724812822893,2342.241005337964
126,9222.59,1096.6966144001874,2942.4479627196533
126,9224.1108,1096.6823248126489,2945.0667155027677
126,9375.8796,1095.1578110923967,3208.404810833846
126,8776.46,1099.4766143680679,2189.8406759256454
126,8779.1607,1099.469845634038,2194.3122402759295
126,8931.1447,1098.8768520764745,2447.483419629046
126,9354.8,1095.3788939176213,3171.5899201925904
126,8864.75,1099.1866260488475,2336.505076518155
126,8933.282,1098.8656074372504,2451.066126457673
126,9377.33,1095.1425225529974,3210.940749359979
126,9720.83,1091.5926531513328,3821.684052942698
127,8670.325,1106.8515546382685,2014.3368355241105
127,9227.03,1103.8882986506017,2949.5730037092185
127,9787.186,1098.286031228433,3941.2770839070163
127,7490.9335,1100.4262931552935,136.1517011859264
127,8378.661,1106.2783556194845,1539.4763073053564
127,8379.9093,1106.283654591734,1541.4919430211635
127,8419.4727,1106.440112254585,1605.4437662583493
127,8420.7398,1106.4447474845085,1607.4941829898387
127,8681.8775,1106.8443107635144,2033.3242478956195
127,8684.3062,1106.842481302356,2037.317915996456
127,8774.0664,1106.699702958192,2185.3993966566036
127,8783.0336,1106.6773777877154,2200.246392693172
127,8786.166,1106.6692343771804,2205.435069434968
127,8868.1905,1106.3928308507209,2341.7528678687877
127,9222.59,1103.9299495124653,2941.926791132216
127,9224.1108,1103.915706046244,2944.5454151725016
127,9375.8796,1102.3952880982322,3207.8716396051623
127,8776.46,1106.6938869474388,2189.3615037793797
127,8779.1607,1106.6871995011984,2193.832804512829
127,8931.1447,1106.0995764279744,2446.9891489733727
127,9354.8,1102.6158432206512,3171.0582691621885
127,8864.75,1106.406850447577,2336.0172751687114
127,8933.282,1106.0884144948109,2450.5716483925335
127,9377.33,1102.380035766606,3210.4074752280217
128,8670.325,1114.0589668864993,2013.8452831750096
128,9227.03,1111.1255289322792,2949.015193529378
128,7490.9335,1107.6198391485518,135.7134137375183
128,8378.661,1113.4862199434563,1539.0135272747475
128,8379.9093,1113.491506440949,1541.0290492814104
128,8419.4727,1113.64759911708,1604.9772076430068
128,8420.7398,1113.652223709262,1607.0275051804597
128,8681.8775,1114.0518553530173,2032.8314957907369
128,8684.3062,1114.0500556928084,2036.824911171758
128,8774.0664,1113.90890585611,2184.8969174768945
128,8783.0336,1113.8868043585464,2199.7429506611825
128,8786.166,1113.8787418829443,2204.931290258767
128,8868.1905,1113.6050035208314,2341.24009073584
128,9222.59,1111.1667585508828,2941.3695924165704
128,9224.1108,1111.1526592126402,2943.988007077257
128,9375.8796,1109.646710490196,3207.2936151275658
128,8776.46,1113.9031483939948,2188.8587679158454
128,8779.1607,1113.896528016464,2193.3297787469564
128,8931.1447,1113.3145593343115,2446.4691968556263
128,9354.8,1109.8653371007306,3170.482997587491
128,8864.75,1113.6188892879172,2335.504882781085
128,8933.282,1113.3035050800463,2450.051447861224
128,9377.33,1109.631588387637,3209.8292639842057
128,9720.83,1106.098058375499,3820.5424684688664
129,8670.325,1121.3864534288216,2013.3504685610587
129,9227.03,1118.4632720634283,2948.453944325487
129,8378.661,1120.8100998374614,1538.5456446110609
129,8379.9093,1120.8153887879155,1540.5610675410667
129,8419.4727,1120.9716429252103,1604.5060380107866
129,8420.7398,1120.9762752320291,1606.5562317629697
129,8681.8775,1121.3795471339556,2032.3354141106279
129,8684.3062,1121.3777907057251,2036.328561031125
129,8774.0664,1121.2382326584448,2184.390164439373
129,8783.0336,1121.2162873934026,2199.235110901718
129,8786.166,1121.2082793059608,2204.423069079475
129,8868.1905,1120.935927248397,2340.721600879102
129,9222.59,1118.504378303559,2940.808751823037
129,9224.1108,1118.4903210181542,2943.427025958944
129,9375.8796,1116.9898703211613,3206.7219065650647
129,8776.46,1121.2325169749413,2188.351725562884
129,8779.1607,1121.225943670661,2192.8224092897985
129,8931.1447,1120.6465044593251,2445.942590465967
129,9354.8,1117.207558057625,3169.912363223541
129,8864.75,1120.9497563182897,2334.986832519573
129,8933.282,1120.6354845395078,2449.5245646443136
129,9377.33,1116.974815150467,3209.2574866146815
129,9720.83,1113.465593348479,3819.9665864386034
130,9227.03,1125.6999574763458,2947.9700595849645
130,7490.9335,1122.1928264204112,134.8606194684735
130,8378.661,1128.020133868285,1538.142492124827
130,8379.9093,1128.0253927263293,1540.1578150425883
130,8419.4727,1128.180772775315,1604.0994890279262
130,8420.7398,1128.185379645406,1606.1495732890535
130,8681.8775,1128.5870148365836,2031.902591537145
130,8684.3062,1128.5852801716333,2035.895475401848
130,8774.0664,1128.4470905912563,2183.947343118204
130,8783.0336,1128.4253457351676,2198.7913225122998
130,8786.166,1128.4174105294433,2203.9789434059285
130,8868.1905,1128.1475224563337,2340.268787090715
130,9222.59,1125.74061456914,2940.325160580706
130,9224.1108,1125.7267108204226,2942.943333914679
130,9375.8796,1124.2426865451423,3206.2295245731157
130,8776.46,1128.4414272148474,2187.908645895043
130,8779.1607,1128.434913965153,2192.37903830788
130,8931.1447,1127.86076707432,2445.4833844781288
130,9354.8,1124.4580261759743,3169.421034295392
130,8864.75,1128.1612258252815,2334.5343760903443
130,8933.282,1127.8498502467755,2449.0651470607
130,9377.33,1124.2277926379306,3208.765033840448
130,9720.83,1120.7386332342394,3819.4612757034856
131,8670.325,1135.8362004825494,2012.4218429691737
131,9227.03,1132.962794563763,2947.4107356217505
131,7440.9469,1129.2208748737457,57.35654230790942
131,7490.9335,1129.4577402053105,134.40182776600182
131,8378.661,1135.2657726218767,1537.673246661376
131,8379.9093,1135.2709971653826,1539.6884822860266
131,8419.4727,1135.4253587615449,1603.6272457101265
131,8420.7398,1135.429935373142,1605.677232103264
131,8681.8775,1135.8294932167173,2031.404166820692
131,8684.3062,1135.8277832691056,2035.3967602995106
131,8774.0664,1135.6910935918124,2183.4375140330476
131,8783.0336,1135.6695595152626,2198.280352575812
131,8786.166,1135.661700441519,2203.4675741187652
131,8868.1905,1135.3942411607857,2339.746896481383
131,9222.59,1133.0032489765304,2939.7661276415033
131,9224.1108,1132.9894147616017,2942.3842006786235
131,9375.8796,1131.511553664285,3205.663525112809
131,8776.46,1135.68548543417,2187.3985126493135
131,8779.1607,1135.6790354027075,2191.868561551568
131,8931.1447,1135.109852012338,2444.9535286328505
131,9354.8,1131.7261455043151,3168.85563864256
131,8864.75,1135.4078268108528,2334.012926167442
131,8933.282,1135.0990219921719,2448.535025502615
131,9377.33,1131.4967097782608,3208.1989964157283
131,9720.83,1128.0163313335004,3818.8842773950105
132,8670.325,1143.156057645766,2011.9686762989695
132,9227.03,1140.2972815852586,2946.8901107949287
132,9787.186,1134.813808147262,3938.491639831812
132,7440.9469,1136.5755201757333,56.97521871053459
132,8378.661,1142.5825646644023,1537.2466449602039
132,8379.9093,1142.5877871138075,1539.2617670685554
132,8419.4727,1142.7421465100015,1603.1969174056294
132,8420.7398,1142.7467251531832,1605.246787732436
132,8681.8775,1143.1496134748193,2030.949950545053
132,8684.3062,1143.1479599882766,2034.942323051902
132,8774.0664,1143.0136014402663,2182.9747696508352
132,8783.0336,1142.992322228591,2197.8167557237994
132,8786.166,1142.984552929459,2203.0036781639046
132,8868.1905,1142.7195450400175,2339.274858693523
132,9222.59,1140.3376628025474,2939.2462535195514
132,9224.1108,1140.323853772628,2941.8640697340147
132,9375.8796,1138.8481798479775,3205.1170768014345
132,8776.46,1143.0080609954416,2186.9355412519726
132,8779.1607,1143.0016876451566,2191.405333551856
132,8931.1447,1142.4370892338786,2444.474697597863
132,9354.8,1139.0624677446592,3168.3128022503565
132,8864.75,1142.7330252563595,2333.541244150112
132,8933.282,1142.4263244144101,2448.0559534446593
132,9377.33,1138.83335760002,3207.6523022875667
133,8670.325,1150.318491105244,2011.4825583630497
133,9227.03,1147.479634037594,2946.357732537951
133,9356.787,1146.2334570004107,3171.2440184727893
133,7490.9335,1143.9752357842397,133.57643328786685
133,8378.661,1149.7465098907333,1536.789700893369
133,8379.9093,1149.7517121570104,1538.8047242802527
133,8419.4727,1149.905487578923,1602.7365969245238
133,8420.7398,1149.9100493337673,1604.7863576391899
133,8681.8775,1150.3121338290882,2030.4625278168276
133,8684.3062,1150.3105001806184,2034.4546257557631
133,8774.0664,1150.177270291716,2182.4769711641084
133,8783.0336,1150.1561474800883,2197.317964573797
133,8786.166,1150.148434739186,2202.50454145994
133,8868.1905,1149.8852715595267,2338.766977359411
133,9222.59,1147.5197320904153,2938.7140062092035
133,9224.1108,1147.5060198874457,2941.331777110492
133,9375.8796,1146.0405935056276,3204.5822303101013
133,8776.46,1150.1717707975288,2186.4374773163036
133,8779.1607,1150.1654443479708,2190.9069705220068
133,8931.1447,1149.6047228087386,2443.9606646719885
133,9354.8,1146.2534227073597,3167.7781378913223
133,8864.75,1149.8986600415415,2333.033715119574
133,8933.282,1149.5940304178396,2447.541722523024
133,9377.33,1146.0258714814906,3207.1174442405545
133,9687.98,1142.8812773506993,3758.5310760262532
134,8670.325,1157.5499879301608,2011.0233916252942
134,9227.03,1154.7338383017184,2945.8327920333836
134,8378.661,1156.9818418189802,1536.3598579598793
134,8379.9093,1156.9870189414514,1538.3747873732443
134,8419.4727,1157.140007113095,1602.3035177458742
134,8420.7398,1157.144544114546,1604.3531726659012
134,8681.8775,1157.5436379274743,2030.0019689104433
134,8684.3062,1157.542008017645,2033.993772768973
134,8774.0664,1157.4094956081053,2182.004982850734
134,8783.0336,1157.3885101141138,2196.8448431707675
134,8786.166,1157.3808482830973,2202.0310237045196
134,8868.1905,1157.1195747015433,2338.283037721043
134,9222.59,1154.7736081024395,2938.189480320061
134,9224.1108,1154.760008233301,2940.8071088569604
134,9375.8796,1153.3059102871434,3204.045320682794
134,8776.46,1157.4040315506354,2185.96518678855
134,8779.1607,1157.3977461471727,2190.434338791632
134,8931.1447,1156.8412166887372,2443.468785208671
134,8864.75,1157.1328620548468,2332.5502123875735
134,8933.282,1156.8306099231681,2447.0495761008424
134,9377.33,1153.2912933656855,3206.5804375922908
135,7516.721,1158.6867669584399,172.64870301037013
135,8670.325,1164.7977165692425,2010.5842219155595
135,9227.03,1162.003786378542,2945.3423152348387
135,9787.186,1156.5899883297998,3936.8651502568273
135,7490.9335,1158.5714090486413,132.8109735405717
135,8378.661,1164.2351740635822,1535.9506514237446
135,8379.9093,1164.2403227385093,1537.9654600730296
135,8419.4727,1164.3923884619185,1601.890291614213
135,8420.7398,1164.3968954614584,1603.939819609939
135,8681.8775,1164.7912926458728,2029.5616226239065
135,8684.3062,1164.7896495752607,2033.5531798115999
135,8774.0664,1164.6572902983016,2181.5554608427065
135,8783.0336,1164.6363939542337,2196.394450567706
135,8786.166,1164.6287666269427,2201.5803279325232
135,8868.1905,1164.3690393008771,2337.8245731647266
135,9222.59,1162.043206908777,2937.6994009073524
135,9224.1108,1162.029726568353,2940.316893357164
135,9375.8796,1160.5875798159718,3203.5415358258897
135,8776.46,1164.6518486483915,2185.5154320016427
135,8779.1607,1164.6455897396213,2189.9843217032635
135,8931.1447,1164.0927344032996,2443.0045577760898
135,9354.8,1160.7972623977619,3166.7407566228385
135,8864.75,1164.3822363357012,2332.09206739075
135,8933.282,1164.082210630694,2446.585155551431
135,9377.33,1160.5730717636852,3206.076525673425
136,8670.325,1172.0874231028517,2010.1268700439266
136,9227.03,1169.3166949091358,2944.8300100719416
136,7440.9469,1165.6723419214536,55.432591925604584
136,7490.9335,1165.8753055710768,132.43302596682133
136,8378.661,1171.526362099557,1535.519744880039
136,8379.9093,1171.531481267272,1537.534473732613
136,8419.4727,1171.6827118287015,1601.456609367623
136,8420.7398,1171.6871953214434,1603.5060457139728
136,8681.8775,1172.0811643176132,2029.1029750103964
136,8684.3062,1172.0795580539595,2033.094258381484
136,8774.0664,1171.9490551214687,2181.0861795367373
136,8783.0336,1171.9283957705238,2195.9241197952424
136,8786.166,1171.9208533642475,2201.1096304367907
136,8868.1905,1171.6637296398203,2337.3443355344907
136,9222.59,1169.3558424540347,2937.1873374940733
136,9224.1108,1169.3424555375263,2939.804746647515
136,9375.8796,1167.909903838094,3203.0234481794987
136,8776.46,1171.9436758423235,2185.0458706355876
136,8779.1607,1171.9374880852622,2189.514444275148
136,8931.1447,1171.389889088962,2442.5172563499145
136,9354.8,1168.1182378435722,3166.223246229451
136,8864.75,1171.6768032433497,2331.6122245914753
136,8933.282,1171.3794555956235,2446.0976208620327
136,9377.33,1167.8954885230096,3205.558400591234
136,9687.98,1164.796444221313,3756.9337603231397
137,9227.03,1176.5856792050909,2944.3131320934926
137,7490.9335,1173.1326049712375,132.06379635443386
137,8378.661,1178.785366696879,1535.0975706736244
137,8379.9093,1178.7904925913006,1537.1121637662088
137,8419.4727,1178.941935748699,1601.029861310203
137,8420.7398,1178.9464260048464,1603.0791514798484
137,8681.8775,1179.3416477849994,2028.643362682471
137,8684.3062,1179.3400527252345,2032.634337952997
137,8774.0664,1179.210005080256,2180.6151031856825
137,8783.0336,1179.1893980181953,2195.45195944138
137,8786.166,1179.181874282344,2200.637092938641
137,8868.1905,1178.9253361931442,2336.8622263481993
137,9222.59,1176.6246641745104,2936.6708308579164
137,9224.1108,1176.6113327070839,2939.2881126830644
137,9375.8796,1175.1855317965278,3202.494871061078
137,8776.46,1179.2046395951995,2184.5745043107318
137,8779.1607,1179.1984675431208,2189.0427513147206
137,8931.1447,1178.6521206281097,2442.0282296781206
137,9354.8,1175.3927905315534,3165.6962248080927
137,8864.75,1178.9383807075578,2331.1305044727706
137,8933.282,1178.6417118125437,2445.6083660911218
138,8670.325,1186.5938121971801,2009.1912807454623
138,9227.03,1183.8582259792515,2943.7696817359947
138,7490.9335,1180.4581580693464,131.6502948023833
138,8378.661,1186.0328904863786,1534.6472545258807
138,8379.9093,1186.037986991163,1536.6617513654471
138,8419.4727,1186.1885661078556,1600.5762920572402
138,8420.7398,1186.1930310680932,1602.625477817608
138,8681.8775,1186.5878269349653,2028.1646926725002
138,8684.3062,1186.586281287432,2032.1554094594492
138,8774.0664,1186.4587798484602,2180.126372135837
138,8783.0336,1186.4385010687884,2194.962224208432
138,8786.166,1186.4310949873638,2200.147005929407
138,8868.1905,1186.1781412191708,2336.362753134771
138,9222.59,1183.8970058239347,2936.1279350542272
138,9224.1108,1183.8837448822558,2938.7450268773446
138,9375.8796,1182.4635178389553,3201.933497639564
138,8776.46,1186.4535007452669,2184.085505632449
138,8779.1607,1186.4474272504929,2188.5534503061135
138,8931.1447,1185.9082182453424,2441.521340568682
138,9354.8,1182.6701707770596,3165.137263141136
138,8864.75,1186.1910176576246,2330.631431442553
138,8933.282,1185.897927421742,2445.101222207898
138,9377.33,1182.449217969438,3204.468180936091
139,8670.325,1193.8734365898206,2008.7666989668467
139,9227.03,1191.1564763912231,2943.2886431453644
139,9356.787,1189.9529042271986,3168.116942552426
139,8378.661,1193.3116209295974,1534.2528557712685
139,8379.9093,1193.3166956999114,1536.2672485659987
139,8419.4727,1193.466705082892,1600.1783648051626
139,8420.7398,1193.4711556170143,1602.2274368649832
139,8681.8775,1193.86770544079,2027.7387319889147
139,8684.3062,1193.866214918391,2031.729157918527
139,8774.0664,1193.7411203272552,2179.689223637545
139,8783.0336,1193.7211166120283,2194.5239810453486
139,8786.166,1193.7138078795986,2199.7083805594903
139,8868.1905,1193.4635982591315,2335.914230914347
139,9222.59,1191.1951158675356,2935.6471242957123
139,9224.1108,1191.1819030795334,2938.2641374964846
139,9375.8796,1189.7661780859787,3201.4477425970263
139,8776.46,1193.7359141129737,2183.6480648807246
139,8779.1607,1193.7299233284161,2188.115679847763
139,8931.1447,1193.1959584493484,2441.065533892009
139,9354.8,1189.972227827193,3164.6518505429717
139,8864.75,1193.476353326162,2330.1833173367854
139,8933.282,1193.1857466844672,2444.645175502549
139,9377.33,1189.7519197332015,3203.982405818682
139,9720.83,1186.404027106476,3814.5670452063864
140,8670.325,1201.0324212633916,2008.317336690393
140,9227.03,1198.3433327820971,2942.7936635224582
140,7490.9335,1194.9553852242566,130.87218458981351
140,8378.661,1200.471854776677,1533.8261621102529
140,8379.9093,1200.4768975289044,1535.8404611486183
140,8419.4727,1200.6259956491822,1599.7485825783956
140,8420.7398,1200.6304204265411,1601.797558037579
140,8681.8775,1201.0269215041892,2027.2884560901553
140,8684.3062,1201.0254823729867,2031.278689871844
140,8774.0664,1200.902935426427,2179.2316346267835
140,8783.0336,1200.8832527654433,2194.065678255635
140,8786.166,1200.8760588846576,2199.2498283132786
140,8868.1905,1200.6293226137116,2335.4491193350195
140,9222.59,1198.381700815405,2935.1525282352904
140,9224.1108,1198.3685810762133,2937.7694100857225
140,9375.8796,1196.9616500000432,3200.939861019363
140,8776.46,1200.8978137823192,2183.1902853913975
140,8779.1607,1200.8919194072153,2187.6576853986203
140,8931.1447,1200.3648806181939,2440.5953409128247
140,9354.8,1197.1665424950459,3164.1457875750343
140,8864.75,1200.6419151436105,2329.7184821174797
140,8933.282,1200.3547842285775,2444.1748090997185
140,9377.33,1196.947470532281,3203.474399455833
140,9720.83,1193.6199791041086,3814.0349560490886
141,8670.325,1208.3557680410133,2007.8835904667283
141,9227.03,1205.6789893159853,2942.3004189965013
141,9787.186,1200.4347187556843,3933.6857168362703
141,8378.661,1207.786013185446,1533.4217841686427
141,8379.9093,1207.791094029615,1535.4359801417881
141,8419.4727,1207.941443032249,1599.340716452089
141,8420.7398,1207.9459090277815,1601.3895797724629
141,8681.8775,1208.3505682935138,2026.8533837326772
141,8684.3062,1208.3491911849462,2030.8433377850079
141,8774.0664,1208.2286831667082,2178.7857788387237
141,8783.0336,1208.2091784923398,2193.618762126465
141,8786.166,1208.20204578971,2198.8025416132873
141,8868.1905,1207.9567584811225,2334.9921488237974
141,9222.59,1205.7171791587687,2934.6596198141
141,9224.1108,1205.7041201340837,2937.276386119127
141,9375.8796,1204.3048972093122,3200.4376687697672
141,8776.46,1208.2236094513044,2182.744146652855
141,8779.1607,1208.2177687858461,2187.211227328754
141,8931.1447,1207.693310683819,2440.13107328498
141,9354.8,1204.5085381400584,3163.6445759253506
141,8864.75,1207.9692949426887,2329.261915246768
141,8933.282,1207.683247741553,2443.7102974679806
141,9377.33,1204.2908055854914,3202.9721433347186
142,8670.325,1215.5467201319493,2007.4456224793444
142,9227.03,1212.899846701388,2941.796559119855
142,7490.9335,1209.4872868732643,130.06830901326248
142,8378.661,1214.9836464134457,1533.0029802618142
142,8379.9093,1214.988672064197,1535.01710728651
142,8419.4727,1215.137351168833,1598.9196328632818
142,8420.7398,1215.141766474935,1600.968424381537
142,8681.8775,1215.5415915438678,2026.4144539115082
142,8684.3062,1215.5402331256273,2030.4042032040497
142,8774.0664,1215.4213286962054,2178.338432021773
142,8783.0336,1215.4020811693986,2193.1705244956156
142,8786.166,1215.3950423683889,2198.3539897700794
142,8868.1905,1215.1529392737198,2334.5348184344657
142,9222.59,1212.9377011388535,2934.1563432282633
142,9224.1108,1212.9247571190965,2936.772909533637
142,9375.8796,1211.53593993046,3199.9159450859142
142,8776.46,1215.4163219243455,2182.296563313153
142,8779.1607,1215.4105582761943,2186.76337601778
142,8931.1447,1214.892808235662,2439.666326725019
142,9354.8,1211.738305602402,3163.125117919454
142,8864.75,1215.1653151749167,2328.8049738758914
142,8933.282,1214.8828697644285,2443.2452897390167
142,9377.33,1211.521933502259,3202.4502678662575
143,9227.03,1220.165003885451,2941.2936269735173
143,8378.661,1222.231125915894,1532.5858835557472
143,8379.9093,1222.2361359742545,1534.5998778249718
143,8419.4727,1222.3843927253738,1598.4980808730108
143,8420.7398,1222.3887968426839,1600.5467305653108
143,8681.8775,1222.7895361892204,2025.9617153966592
143,8684.3062,1222.7882156569315,2029.9511784753804
143,8774.0664,1222.6710493759977,2177.8751265816004
143,8783.0336,1222.6520096095835,2192.7062292436935
143,8786.166,1222.6450447487805,2197.889350553552
143,8868.1905,1222.405111922432,2334.0615261389353
143,9222.59,1220.2026755991337,2933.6537083369835
143,9224.1108,1220.189794110542,2936.2701726667683
143,9375.8796,1218.807596897429,3199.40387141281
143,8776.46,1222.666097490287,2181.8329929260176
143,8779.1607,1222.6603962708482,2186.2995073339325
143,8931.1447,1222.1469148019496,2439.186885620702
143,8864.75,1222.4173883407318,2328.3320302216675
143,8933.282,1222.1370454992473,2442.7656475974427
143,9377.33,1218.7936586458063,3201.9381136640127
144,8670.325,1230.0690356087266,2006.5385849713418
144,9227.03,1227.4640515283957,2940.788798406138
144,9787.186,1222.297220414709,3932.0956853684766
144,8378.661,1229.5048411776559,1532.1539305911283
144,8379.9093,1229.5098272976923,1534.1678324591055
144,8419.4727,1229.6574366191223,1598.0630592979555
144,8420.7398,1229.6618236694926,1600.1116121847929
144,8681.8775,1230.0643850257422,2025.505041944548
144,8684.3062,1230.0631309956168,2029.4942925386677
144,8774.0664,1229.9489730823432,2177.410287295094
144,8783.0336,1229.9302875372107,2192.240586541929
144,8786.166,1229.9234484582892,2197.42342690883
144,8868.1905,1229.687136429435,2333.5882062690753
144,9222.59,1227.5015600752934,2933.1492440977117
144,9224.1108,1227.4887347146387,2935.7655835292608
144,9375.8796,1226.1108390829547,3198.8874325910756
144,8776.46,1229.9441148880137,2181.3679393114508
144,8779.1607,1229.938520136628,2185.834211781333
144,8931.1447,1229.4320329009397,2438.707869754618
144,9354.8,1226.3117807363508,3162.099365741257
144,8864.75,1229.6992500949514,2327.859021595329
144,8933.282,1229.4222715967426,2442.2864385622756
144,9377.33,1226.0969299680212,3201.4215678311275
144,9720.83,1222.8259083995129,3811.935492286847
145,8670.325,1237.2863171081276,2006.1348155121916
145,9227.03,1234.7020620966127,2940.3280394657345
145,7490.9335,1231.2818143768466,128.88445361883646
145,8378.661,1236.7260130500374,1531.773999948468
145,8379.9093,1236.7309785345608,1533.78782041557
145,8419.4727,1236.8779497181542,1597.6803704804918
145,8420.7398,1236.8823168072688,1599.7288345457341
145,8681.8775,1237.2815786148765,2025.1001506091397
145,8684.3062,1237.280307276108,2029.0891639447893
145,8774.0664,1237.1658646653223,2176.996085845913
145,8783.0336,1237.1471964496257,2191.825450475986
145,8786.166,1237.1403657393569,2197.007963356991
145,8868.1905,1236.9047642974717,2333.1640196225117
145,9222.59,1234.7391128514503,2932.688867857762
145,9224.1108,1234.7264437479075,2935.305075877988
145,9375.8796,1233.3664474629431,3198.4158026629684
145,8776.46,1237.1610101502276,2180.9534888133817
145,8779.1607,1237.155420372617,2185.4194799051484
145,8931.1447,1236.6509840331826,2438.276880273858
145,9354.8,1233.5647071629194,3161.629017001309
145,8864.75,1236.91682692076,2327.4352052046897
145,8933.282,1236.6412815508224,2441.8552178593977
145,9377.33,1233.3527238116835,3200.949853235106
146,8670.325,1244.5471353968258,2005.7262447558633
146,9227.03,1241.9873618370377,2939.8656410747085
146,7440.9469,1238.3749099565223,51.511004273854724
146,7490.9335,1238.5673358787665,128.51248118736817
146,8378.661,1243.9863668717749,1531.3926199305622
146,8379.9093,1243.9913107450875,1533.4063379253907
146,8419.4727,1244.137690598473,1597.2955615322812
146,8420.7398,1244.142041842414,1599.3439166281858
146,8681.8775,1244.5426560344392,2024.6904124365512
146,8684.3062,1244.5414414299037,2028.6791798963127
146,8774.0664,1244.4296181263685,2176.5769402594274
146,8783.0336,1244.411264059263,2191.4053852740512
146,8786.166,1244.404545164049,2196.587576884562
146,8868.1905,1244.1722200796987,2332.735240226212
146,9222.59,1242.0241980656413,2932.2268297319765
146,9224.1108,1242.0116025284972,2934.8429141408005
146,9375.8796,1240.658503652818,3197.942536314882
146,8776.46,1244.4248465965916,2180.5340977750807
146,8779.1607,1244.4193512145066,2184.9998119041743
146,8931.1447,1243.9213307912182,2437.8417375512436
146,9354.8,1240.855850513835,3161.157134821876
146,8864.75,1244.184133031427,2327.0067762194262
146,8933.282,1243.9117309067517,2441.4198610769945
146,9377.33,1240.6448424998982,3200.4764936947313
147,8670.325,1251.8118287655957,2005.321085231901
147,9227.03,1249.267917698387,2939.3980596727847
147,7490.9335,1245.8332181621347,128.1320018100821
147,8378.661,1251.249933197268,1531.0061825207426
147,8379.9093,1251.254861711439,1533.019836563883
147,8419.4727,1251.4008526493499,1596.9069904135388
147,8420.7398,1251.4051945535416,1598.9552776752912
147,8681.8775,1251.8075591926136,2024.2842919554994
147,8684.3062,1251.8063899274161,2028.2728548496564
147,8774.0664,1251.6965096787167,2176.162429837374
147,8783.0336,1251.6783748654532,2190.9899906840587
147,8786.166,1251.6717334888162,2196.1718706551137
147,8868.1905,1251.4415860150214,2332.3108833231377
147,9222.59,1249.3046042787826,2931.759753077986
147,9224.1108,1249.29205994833,2934.375664271293
147,9375.8796,1247.9444825831533,3197.4603155493687
147,8776.46,1251.6917962825019,2180.119352503199
147,8779.1607,1251.6863668368576,2184.5848006358133
147,8931.1447,1251.1925166427159,2437.4101706797783
147,9354.8,1248.1409957922408,3160.676656730512
147,8864.75,1251.4534026668482,2326.582800152861
147,8933.282,1251.182980207579,2440.988042115549
147,9377.33,1247.9308798817208,3199.994157860477
147,9720.83,1244.7251175841282,3810.4854032883386
148,8670.325,1259.021039254578,2004.903908265201
148,9227.03,1256.503591550325,2938.9301394693357
148,7490.9335,1253.061689167853,127.74782267208025
148,8378.661,1258.459993915714,1530.6112497348413
148,8379.9093,1258.4648939130325,1532.6248195496878
148,8419.4727,1258.610113488753,1596.5092625022044
148,8420.7398,1258.614434804646,1598.55746156392
148,8681.8775,1259.0169311218876,2023.8661172261445
148,8684.3062,1259.0157974205727,2027.8544692529454
148,8774.0664,1258.9076288542406,2175.736000428658
148,8783.0336,1258.8897084457924,2190.562733410453
148,8786.166,1258.8831438899551,2195.744323285532
148,8868.1905,1258.6553821950506,2331.8756008379482
148,9222.59,1256.5398700116364,2931.2921754440545
148,9224.1108,1256.5274650818524,2933.907969013564
148,9375.8796,1255.195530833944,3196.9825557016093
148,8776.46,1258.902971893025,2179.69270249687
148,8779.1607,1258.8976068175539,2184.157901392147
148,8931.1447,1258.408683820868,2436.9688396286865
148,9354.8,1255.3897117266772,3160.200082095096
148,8864.75,1258.6670835296711,2326.1478464195293
148,8933.282,1258.399237014857,2440.546505202404
148,9377.33,1255.1820896333643,3199.5163191084876
149,8670.325,1266.2420404450334,2004.492305886058
149,9227.03,1263.7315445392853,2938.4498320765524
149,8378.661,1265.6760122485548,1530.2299731662508
149,8379.9093,1265.6809309277146,1532.2434311412867
149,8419.4727,1265.826752356624,1596.124231935478
149,8420.7398,1265.8310932843424,1598.1723113312173
149,8681.8775,1266.2381529453114,2023.4531796932035
149,8684.3062,1266.2370657382653,2027.4412500472781
149,8774.0664,1266.1306228957685,2175.3121522290635
149,8783.0336,1266.1128733903959,2190.1378019482945
149,8786.166,1266.1063683617372,2195.3190125884157
149,8868.1905,1265.8801130118204,2331.4402204269854
149,9222.59,1263.7678310613915,2930.8123956771115
149,9224.1108,1263.7554235051455,2933.42800830441
149,9375.8796,1262.4226855023921,3196.486204177817
149,8776.46,1266.1260116203719,2179.268565492612
149,8779.1607,1266.120698035287,2183.7334382232884
149,8931.1447,1265.634457296805,2436.5255801136655
149,9354.8,1262.6170187438804,3159.7057471629505
149,8864.75,1265.891753914767,2325.7128932739297
149,8933.282,1265.625043460521,2440.1029764182745
149,9377.33,1262.4092337737509,3199.0198329180366
149,9720.83,1259.2336614607311,3809.49641565243

--- MISSING SPOTS (C++ Only) ---
Fiber,Wavelength,X,Y
143,7546.1211,1216.998768904162,215.0015452032653
