125,7440.946899999999914
125,7490.933500000000095
125,7505.935000000000400
125,7537.848799999999756
125,7546.121100000000297
125,7589.502499999999600
125,7603.638399999999820
125,7637.207999999999629
125,7687.361200000000281
125,7696.657900000000154
125,7856.984400000000278
125,7945.365399999999681
125,7950.362000000000080
125,8008.359000000000378
125,8016.989999999999782
125,8061.721099999999751
125,8192.308199999999488
125,8233.896399999999630
125,8349.739999999999782
125,8368.045500000000175
125,8378.661000000000058
125,8379.909299999999348
125,8419.472700000000259
125,8420.739799999999377
125,8426.962999999999738
125,8465.682399999999689
125,8497.693199999999706
125,8511.210600000000341
125,8523.782999999999447
125,8593.618399999999383
125,8637.019000000000233
125,8656.759899999999107
125,8670.325000000000728
125,8681.877500000000509
125,8684.306200000000899
125,8774.066399999999703
125,8776.459999999999127
125,8779.160700000000361
125,8783.033600000000661
125,8786.165999999999258
125,8821.832399999999325
125,8856.298000000000684
125,8864.750000000000000
125,8868.190500000000611
125,8921.949599999999919
125,8931.144700000000739
125,8933.281999999999243
125,8954.708599999999933
125,9047.929599999999482
125,9125.470999999999549
125,9165.166699999999764
125,9170.040000000000873
125,9222.590000000000146
125,9224.110800000000381
125,9227.030000000000655
125,9354.799999999999272
125,9356.787000000000262
125,9375.879600000000210
125,9377.329999999999927
125,9515.986999999999171
125,9660.434999999999491
125,9687.979999999999563
125,9720.829999999999927
125,9754.434999999999491
125,9787.185999999999694
125,9802.384000000000015
126,7440.946899999999914
126,7490.933500000000095
126,7537.848799999999756
126,7546.121100000000297
126,7589.502499999999600
126,7603.638399999999820
126,7637.207999999999629
126,7687.361200000000281
126,7696.657900000000154
126,7856.984400000000278
126,7945.365399999999681
126,7950.362000000000080
126,8008.359000000000378
126,8016.989999999999782
126,8061.721099999999751
126,8192.308199999999488
126,8233.896399999999630
126,8349.739999999999782
126,8368.045500000000175
126,8378.661000000000058
126,8379.909299999999348
126,8419.472700000000259
126,8420.739799999999377
126,8426.962999999999738
126,8465.682399999999689
126,8497.693199999999706
126,8511.210600000000341
126,8523.782999999999447
126,8593.618399999999383
126,8637.019000000000233
126,8656.759899999999107
126,8670.325000000000728
126,8681.877500000000509
126,8684.306200000000899
126,8774.066399999999703
126,8776.459999999999127
126,8779.160700000000361
126,8783.033600000000661
126,8786.165999999999258
126,8821.832399999999325
126,8856.298000000000684
126,8864.750000000000000
126,8868.190500000000611
126,8921.949599999999919
126,8931.144700000000739
126,8933.281999999999243
126,8954.708599999999933
126,9047.929599999999482
126,9125.470999999999549
126,9165.166699999999764
126,9170.040000000000873
126,9222.590000000000146
126,9224.110800000000381
126,9227.030000000000655
126,9354.799999999999272
126,9375.879600000000210
126,9377.329999999999927
126,9515.986999999999171
126,9660.434999999999491
126,9687.979999999999563
126,9720.829999999999927
126,9754.434999999999491
126,9802.384000000000015
127,7490.933500000000095
127,7516.720999999999549
127,7537.848799999999756
127,7546.121100000000297
127,7589.502499999999600
127,7603.638399999999820
127,7637.207999999999629
127,7687.361200000000281
127,7696.657900000000154
127,7856.984400000000278
127,7945.365399999999681
127,7950.362000000000080
127,8008.359000000000378
127,8016.989999999999782
127,8061.721099999999751
127,8192.308199999999488
127,8233.896399999999630
127,8349.739999999999782
127,8368.045500000000175
127,8378.661000000000058
127,8379.909299999999348
127,8419.472700000000259
127,8420.739799999999377
127,8426.962999999999738
127,8465.682399999999689
127,8497.693199999999706
127,8511.210600000000341
127,8523.782999999999447
127,8593.618399999999383
127,8637.019000000000233
127,8656.759899999999107
127,8670.325000000000728
127,8681.877500000000509
127,8684.306200000000899
127,8774.066399999999703
127,8776.459999999999127
127,8779.160700000000361
127,8783.033600000000661
127,8786.165999999999258
127,8821.832399999999325
127,8856.298000000000684
127,8864.750000000000000
127,8868.190500000000611
127,8921.949599999999919
127,8931.144700000000739
127,8933.281999999999243
127,8954.708599999999933
127,9047.929599999999482
127,9125.470999999999549
127,9165.166699999999764
127,9170.040000000000873
127,9222.590000000000146
127,9224.110800000000381
127,9227.030000000000655
127,9354.799999999999272
127,9356.787000000000262
127,9375.879600000000210
127,9377.329999999999927
127,9515.986999999999171
127,9660.434999999999491
127,9687.979999999999563
127,9720.829999999999927
127,9754.434999999999491
127,9787.185999999999694
127,9802.384000000000015
128,7440.946899999999914
128,7490.933500000000095
128,7516.720999999999549
128,7537.848799999999756
128,7546.121100000000297
128,7589.502499999999600
128,7603.638399999999820
128,7637.207999999999629
128,7687.361200000000281
128,7696.657900000000154
128,7856.984400000000278
128,7945.365399999999681
128,7950.362000000000080
128,8008.359000000000378
128,8016.989999999999782
128,8061.721099999999751
128,8192.308199999999488
128,8233.896399999999630
128,8349.739999999999782
128,8368.045500000000175
128,8378.661000000000058
128,8379.909299999999348
128,8419.472700000000259
128,8420.739799999999377
128,8426.962999999999738
128,8465.682399999999689
128,8497.693199999999706
128,8511.210600000000341
128,8523.782999999999447
128,8593.618399999999383
128,8637.019000000000233
128,8656.759899999999107
128,8670.325000000000728
128,8681.877500000000509
128,8684.306200000000899
128,8774.066399999999703
128,8776.459999999999127
128,8779.160700000000361
128,8783.033600000000661
128,8786.165999999999258
128,8821.832399999999325
128,8856.298000000000684
128,8864.750000000000000
128,8868.190500000000611
128,8921.949599999999919
128,8931.144700000000739
128,8933.281999999999243
128,8954.708599999999933
128,9047.929599999999482
128,9125.470999999999549
128,9165.166699999999764
128,9170.040000000000873
128,9222.590000000000146
128,9224.110800000000381
128,9227.030000000000655
128,9354.799999999999272
128,9375.879600000000210
128,9377.329999999999927
128,9515.986999999999171
128,9660.434999999999491
128,9687.979999999999563
128,9720.829999999999927
128,9754.434999999999491
128,9787.185999999999694
128,9802.384000000000015
129,7440.946899999999914
129,7490.933500000000095
129,7537.848799999999756
129,7546.121100000000297
129,7589.502499999999600
129,7603.638399999999820
129,7637.207999999999629
129,7687.361200000000281
129,7696.657900000000154
129,7856.984400000000278
129,7945.365399999999681
129,7950.362000000000080
129,8008.359000000000378
129,8016.989999999999782
129,8061.721099999999751
129,8192.308199999999488
129,8233.896399999999630
129,8349.739999999999782
129,8368.045500000000175
129,8378.661000000000058
129,8379.909299999999348
129,8419.472700000000259
129,8420.739799999999377
129,8426.962999999999738
129,8465.682399999999689
129,8497.693199999999706
129,8511.210600000000341
129,8523.782999999999447
129,8593.618399999999383
129,8637.019000000000233
129,8656.759899999999107
129,8670.325000000000728
129,8681.877500000000509
129,8684.306200000000899
129,8774.066399999999703
129,8776.459999999999127
129,8779.160700000000361
129,8783.033600000000661
129,8786.165999999999258
129,8821.832399999999325
129,8856.298000000000684
129,8864.750000000000000
129,8868.190500000000611
129,8921.949599999999919
129,8931.144700000000739
129,8933.281999999999243
129,8954.708599999999933
129,9047.929599999999482
129,9125.470999999999549
129,9165.166699999999764
129,9170.040000000000873
129,9222.590000000000146
129,9224.110800000000381
129,9227.030000000000655
129,9354.799999999999272
129,9375.879600000000210
129,9377.329999999999927
129,9515.986999999999171
129,9660.434999999999491
129,9687.979999999999563
129,9720.829999999999927
129,9754.434999999999491
129,9802.384000000000015
130,7490.933500000000095
130,7505.935000000000400
130,7537.848799999999756
130,7546.121100000000297
130,7589.502499999999600
130,7603.638399999999820
130,7637.207999999999629
130,7687.361200000000281
130,7696.657900000000154
130,7856.984400000000278
130,7945.365399999999681
130,7950.362000000000080
130,8008.359000000000378
130,8016.989999999999782
130,8061.721099999999751
130,8192.308199999999488
130,8233.896399999999630
130,8349.739999999999782
130,8368.045500000000175
130,8378.661000000000058
130,8379.909299999999348
130,8419.472700000000259
130,8420.739799999999377
130,8426.962999999999738
130,8465.682399999999689
130,8497.693199999999706
130,8511.210600000000341
130,8523.782999999999447
130,8593.618399999999383
130,8637.019000000000233
130,8656.759899999999107
130,8670.325000000000728
130,8681.877500000000509
130,8684.306200000000899
130,8774.066399999999703
130,8776.459999999999127
130,8779.160700000000361
130,8783.033600000000661
130,8786.165999999999258
130,8821.832399999999325
130,8856.298000000000684
130,8864.750000000000000
130,8868.190500000000611
130,8921.949599999999919
130,8931.144700000000739
130,8933.281999999999243
130,8954.708599999999933
130,9047.929599999999482
130,9125.470999999999549
130,9165.166699999999764
130,9170.040000000000873
130,9222.590000000000146
130,9224.110800000000381
130,9227.030000000000655
130,9354.799999999999272
130,9375.879600000000210
130,9377.329999999999927
130,9515.986999999999171
130,9660.434999999999491
130,9687.979999999999563
130,9720.829999999999927
130,9754.434999999999491
130,9787.185999999999694
130,9802.384000000000015
131,7440.946899999999914
131,7490.933500000000095
131,7537.848799999999756
131,7546.121100000000297
131,7589.502499999999600
131,7603.638399999999820
131,7637.207999999999629
131,7687.361200000000281
131,7696.657900000000154
131,7856.984400000000278
131,7945.365399999999681
131,7950.362000000000080
131,8008.359000000000378
131,8016.989999999999782
131,8061.721099999999751
131,8192.308199999999488
131,8233.896399999999630
131,8349.739999999999782
131,8368.045500000000175
131,8378.661000000000058
131,8379.909299999999348
131,8419.472700000000259
131,8420.739799999999377
131,8426.962999999999738
131,8465.682399999999689
131,8497.693199999999706
131,8511.210600000000341
131,8523.782999999999447
131,8593.618399999999383
131,8637.019000000000233
131,8656.759899999999107
131,8670.325000000000728
131,8681.877500000000509
131,8684.306200000000899
131,8774.066399999999703
131,8776.459999999999127
131,8779.160700000000361
131,8783.033600000000661
131,8786.165999999999258
131,8821.832399999999325
131,8856.298000000000684
131,8864.750000000000000
131,8868.190500000000611
131,8921.949599999999919
131,8931.144700000000739
131,8933.281999999999243
131,8954.708599999999933
131,9047.929599999999482
131,9125.470999999999549
131,9165.166699999999764
131,9170.040000000000873
131,9222.590000000000146
131,9224.110800000000381
131,9227.030000000000655
131,9354.799999999999272
131,9375.879600000000210
131,9377.329999999999927
131,9515.986999999999171
131,9660.434999999999491
131,9687.979999999999563
131,9720.829999999999927
131,9754.434999999999491
131,9787.185999999999694
131,9802.384000000000015
132,7440.946899999999914
132,7490.933500000000095
132,7516.720999999999549
132,7537.848799999999756
132,7546.121100000000297
132,7589.502499999999600
132,7603.638399999999820
132,7637.207999999999629
132,7687.361200000000281
132,7696.657900000000154
132,7856.984400000000278
132,7945.365399999999681
132,7950.362000000000080
132,8008.359000000000378
132,8016.989999999999782
132,8061.721099999999751
132,8192.308199999999488
132,8233.896399999999630
132,8349.739999999999782
132,8368.045500000000175
132,8378.661000000000058
132,8379.909299999999348
132,8419.472700000000259
132,8420.739799999999377
132,8426.962999999999738
132,8465.682399999999689
132,8497.693199999999706
132,8511.210600000000341
132,8523.782999999999447
132,8593.618399999999383
132,8637.019000000000233
132,8656.759899999999107
132,8670.325000000000728
132,8681.877500000000509
132,8684.306200000000899
132,8774.066399999999703
132,8776.459999999999127
132,8779.160700000000361
132,8783.033600000000661
132,8786.165999999999258
132,8821.832399999999325
132,8856.298000000000684
132,8864.750000000000000
132,8868.190500000000611
132,8921.949599999999919
132,8931.144700000000739
132,8933.281999999999243
132,8954.708599999999933
132,9047.929599999999482
132,9125.470999999999549
132,9165.166699999999764
132,9170.040000000000873
132,9222.590000000000146
132,9224.110800000000381
132,9227.030000000000655
132,9354.799999999999272
132,9375.879600000000210
132,9377.329999999999927
132,9515.986999999999171
132,9660.434999999999491
132,9687.979999999999563
132,9720.829999999999927
132,9754.434999999999491
132,9787.185999999999694
132,9802.384000000000015
133,7440.946899999999914
133,7490.933500000000095
133,7537.848799999999756
133,7546.121100000000297
133,7589.502499999999600
133,7603.638399999999820
133,7637.207999999999629
133,7687.361200000000281
133,7696.657900000000154
133,7856.984400000000278
133,7945.365399999999681
133,7950.362000000000080
133,8008.359000000000378
133,8016.989999999999782
133,8061.721099999999751
133,8192.308199999999488
133,8233.896399999999630
133,8349.739999999999782
133,8368.045500000000175
133,8378.661000000000058
133,8379.909299999999348
133,8419.472700000000259
133,8420.739799999999377
133,8426.962999999999738
133,8465.682399999999689
133,8497.693199999999706
133,8511.210600000000341
133,8523.782999999999447
133,8593.618399999999383
133,8637.019000000000233
133,8656.759899999999107
133,8670.325000000000728
133,8681.877500000000509
133,8684.306200000000899
133,8774.066399999999703
133,8776.459999999999127
133,8779.160700000000361
133,8783.033600000000661
133,8786.165999999999258
133,8821.832399999999325
133,8856.298000000000684
133,8864.750000000000000
133,8868.190500000000611
133,8921.949599999999919
133,8931.144700000000739
133,8933.281999999999243
133,8954.708599999999933
133,9047.929599999999482
133,9125.470999999999549
133,9165.166699999999764
133,9170.040000000000873
133,9222.590000000000146
133,9224.110800000000381
133,9227.030000000000655
133,9354.799999999999272
133,9356.787000000000262
133,9375.879600000000210
133,9377.329999999999927
133,9515.986999999999171
133,9660.434999999999491
133,9687.979999999999563
133,9720.829999999999927
133,9754.434999999999491
133,9787.185999999999694
133,9802.384000000000015
134,7490.933500000000095
134,7537.848799999999756
134,7546.121100000000297
134,7589.502499999999600
134,7603.638399999999820
134,7637.207999999999629
134,7687.361200000000281
134,7696.657900000000154
134,7856.984400000000278
134,7945.365399999999681
134,7950.362000000000080
134,8008.359000000000378
134,8016.989999999999782
134,8061.721099999999751
134,8192.308199999999488
134,8233.896399999999630
134,8349.739999999999782
134,8368.045500000000175
134,8378.661000000000058
134,8379.909299999999348
134,8419.472700000000259
134,8420.739799999999377
134,8426.962999999999738
134,8465.682399999999689
134,8497.693199999999706
134,8511.210600000000341
134,8523.782999999999447
134,8593.618399999999383
134,8637.019000000000233
134,8656.759899999999107
134,8670.325000000000728
134,8681.877500000000509
134,8684.306200000000899
134,8774.066399999999703
134,8776.459999999999127
134,8779.160700000000361
134,8783.033600000000661
134,8786.165999999999258
134,8821.832399999999325
134,8856.298000000000684
134,8864.750000000000000
134,8868.190500000000611
134,8921.949599999999919
134,8931.144700000000739
134,8933.281999999999243
134,8954.708599999999933
134,9047.929599999999482
134,9125.470999999999549
134,9165.166699999999764
134,9170.040000000000873
134,9222.590000000000146
134,9224.110800000000381
134,9227.030000000000655
134,9354.799999999999272
134,9375.879600000000210
134,9377.329999999999927
134,9515.986999999999171
134,9660.434999999999491
134,9687.979999999999563
134,9720.829999999999927
134,9754.434999999999491
134,9802.384000000000015
135,7490.933500000000095
135,7516.720999999999549
135,7537.848799999999756
135,7546.121100000000297
135,7589.502499999999600
135,7603.638399999999820
135,7637.207999999999629
135,7687.361200000000281
135,7696.657900000000154
135,7856.984400000000278
135,7945.365399999999681
135,7950.362000000000080
135,8008.359000000000378
135,8016.989999999999782
135,8061.721099999999751
135,8192.308199999999488
135,8233.896399999999630
135,8349.739999999999782
135,8368.045500000000175
135,8378.661000000000058
135,8379.909299999999348
135,8419.472700000000259
135,8420.739799999999377
135,8426.962999999999738
135,8465.682399999999689
135,8497.693199999999706
135,8511.210600000000341
135,8523.782999999999447
135,8593.618399999999383
135,8637.019000000000233
135,8656.759899999999107
135,8670.325000000000728
135,8681.877500000000509
135,8684.306200000000899
135,8774.066399999999703
135,8776.459999999999127
135,8779.160700000000361
135,8783.033600000000661
135,8786.165999999999258
135,8821.832399999999325
135,8856.298000000000684
135,8864.750000000000000
135,8868.190500000000611
135,8921.949599999999919
135,8931.144700000000739
135,8933.281999999999243
135,8954.708599999999933
135,9047.929599999999482
135,9125.470999999999549
135,9165.166699999999764
135,9170.040000000000873
135,9222.590000000000146
135,9224.110800000000381
135,9227.030000000000655
135,9354.799999999999272
135,9375.879600000000210
135,9377.329999999999927
135,9515.986999999999171
135,9660.434999999999491
135,9687.979999999999563
135,9720.829999999999927
135,9754.434999999999491
135,9787.185999999999694
135,9802.384000000000015
136,7440.946899999999914
136,7490.933500000000095
136,7537.848799999999756
136,7546.121100000000297
136,7589.502499999999600
136,7603.638399999999820
136,7637.207999999999629
136,7687.361200000000281
136,7696.657900000000154
136,7856.984400000000278
136,7945.365399999999681
136,7950.362000000000080
136,8008.359000000000378
136,8016.989999999999782
136,8061.721099999999751
136,8192.308199999999488
136,8233.896399999999630
136,8349.739999999999782
136,8368.045500000000175
136,8378.661000000000058
136,8379.909299999999348
136,8419.472700000000259
136,8420.739799999999377
136,8426.962999999999738
136,8465.682399999999689
136,8497.693199999999706
136,8511.210600000000341
136,8523.782999999999447
136,8593.618399999999383
136,8637.019000000000233
136,8656.759899999999107
136,8670.325000000000728
136,8681.877500000000509
136,8684.306200000000899
136,8774.066399999999703
136,8776.459999999999127
136,8779.160700000000361
136,8783.033600000000661
136,8786.165999999999258
136,8821.832399999999325
136,8856.298000000000684
136,8864.750000000000000
136,8868.190500000000611
136,8921.949599999999919
136,8931.144700000000739
136,8933.281999999999243
136,8954.708599999999933
136,9047.929599999999482
136,9125.470999999999549
136,9165.166699999999764
136,9170.040000000000873
136,9222.590000000000146
136,9224.110800000000381
136,9227.030000000000655
136,9354.799999999999272
136,9375.879600000000210
136,9377.329999999999927
136,9515.986999999999171
136,9660.434999999999491
136,9687.979999999999563
136,9720.829999999999927
136,9754.434999999999491
136,9787.185999999999694
136,9802.384000000000015
137,7490.933500000000095
137,7537.848799999999756
137,7546.121100000000297
137,7589.502499999999600
137,7603.638399999999820
137,7637.207999999999629
137,7687.361200000000281
137,7696.657900000000154
137,7856.984400000000278
137,7945.365399999999681
137,7950.362000000000080
137,8008.359000000000378
137,8016.989999999999782
137,8061.721099999999751
137,8192.308199999999488
137,8233.896399999999630
137,8349.739999999999782
137,8368.045500000000175
137,8378.661000000000058
137,8379.909299999999348
137,8419.472700000000259
137,8420.739799999999377
137,8426.962999999999738
137,8465.682399999999689
137,8497.693199999999706
137,8511.210600000000341
137,8523.782999999999447
137,8593.618399999999383
137,8637.019000000000233
137,8656.759899999999107
137,8670.325000000000728
137,8681.877500000000509
137,8684.306200000000899
137,8774.066399999999703
137,8776.459999999999127
137,8779.160700000000361
137,8783.033600000000661
137,8786.165999999999258
137,8821.832399999999325
137,8856.298000000000684
137,8864.750000000000000
137,8868.190500000000611
137,8921.949599999999919
137,8931.144700000000739
137,8933.281999999999243
137,8954.708599999999933
137,9047.929599999999482
137,9125.470999999999549
137,9165.166699999999764
137,9170.040000000000873
137,9222.590000000000146
137,9224.110800000000381
137,9227.030000000000655
137,9354.799999999999272
137,9375.879600000000210
137,9515.986999999999171
137,9660.434999999999491
137,9687.979999999999563
137,9720.829999999999927
137,9754.434999999999491
137,9787.185999999999694
137,9802.384000000000015
138,7490.933500000000095
138,7537.848799999999756
138,7546.121100000000297
138,7589.502499999999600
138,7603.638399999999820
138,7637.207999999999629
138,7687.361200000000281
138,7696.657900000000154
138,7856.984400000000278
138,7945.365399999999681
138,7950.362000000000080
138,8008.359000000000378
138,8016.989999999999782
138,8061.721099999999751
138,8192.308199999999488
138,8233.896399999999630
138,8349.739999999999782
138,8368.045500000000175
138,8378.661000000000058
138,8379.909299999999348
138,8419.472700000000259
138,8420.739799999999377
138,8426.962999999999738
138,8465.682399999999689
138,8497.693199999999706
138,8511.210600000000341
138,8523.782999999999447
138,8593.618399999999383
138,8637.019000000000233
138,8656.759899999999107
138,8670.325000000000728
138,8681.877500000000509
138,8684.306200000000899
138,8774.066399999999703
138,8776.459999999999127
138,8779.160700000000361
138,8783.033600000000661
138,8786.165999999999258
138,8821.832399999999325
138,8856.298000000000684
138,8864.750000000000000
138,8868.190500000000611
138,8921.949599999999919
138,8931.144700000000739
138,8933.281999999999243
138,8954.708599999999933
138,9047.929599999999482
138,9125.470999999999549
138,9165.166699999999764
138,9170.040000000000873
138,9222.590000000000146
138,9224.110800000000381
138,9227.030000000000655
138,9354.799999999999272
138,9375.879600000000210
138,9377.329999999999927
138,9515.986999999999171
138,9660.434999999999491
138,9687.979999999999563
138,9720.829999999999927
138,9754.434999999999491
138,9787.185999999999694
138,9802.384000000000015
139,7440.946899999999914
139,7490.933500000000095
139,7537.848799999999756
139,7546.121100000000297
139,7589.502499999999600
139,7603.638399999999820
139,7637.207999999999629
139,7687.361200000000281
139,7696.657900000000154
139,7856.984400000000278
139,7945.365399999999681
139,7950.362000000000080
139,8008.359000000000378
139,8016.989999999999782
139,8061.721099999999751
139,8192.308199999999488
139,8233.896399999999630
139,8349.739999999999782
139,8368.045500000000175
139,8378.661000000000058
139,8379.909299999999348
139,8419.472700000000259
139,8420.739799999999377
139,8426.962999999999738
139,8465.682399999999689
139,8497.693199999999706
139,8511.210600000000341
139,8523.782999999999447
139,8593.618399999999383
139,8637.019000000000233
139,8656.759899999999107
139,8670.325000000000728
139,8681.877500000000509
139,8684.306200000000899
139,8774.066399999999703
139,8776.459999999999127
139,8779.160700000000361
139,8783.033600000000661
139,8786.165999999999258
139,8821.832399999999325
139,8856.298000000000684
139,8864.750000000000000
139,8868.190500000000611
139,8921.949599999999919
139,8931.144700000000739
139,8933.281999999999243
139,8954.708599999999933
139,9047.929599999999482
139,9125.470999999999549
139,9165.166699999999764
139,9170.040000000000873
139,9222.590000000000146
139,9224.110800000000381
139,9227.030000000000655
139,9354.799999999999272
139,9356.787000000000262
139,9375.879600000000210
139,9377.329999999999927
139,9515.986999999999171
139,9660.434999999999491
139,9687.979999999999563
139,9720.829999999999927
139,9754.434999999999491
139,9802.384000000000015
140,7440.946899999999914
140,7490.933500000000095
140,7537.848799999999756
140,7546.121100000000297
140,7589.502499999999600
140,7603.638399999999820
140,7637.207999999999629
140,7687.361200000000281
140,7696.657900000000154
140,7856.984400000000278
140,7945.365399999999681
140,7950.362000000000080
140,8008.359000000000378
140,8016.989999999999782
140,8061.721099999999751
140,8192.308199999999488
140,8233.896399999999630
140,8349.739999999999782
140,8368.045500000000175
140,8378.661000000000058
140,8379.909299999999348
140,8419.472700000000259
140,8420.739799999999377
140,8426.962999999999738
140,8465.682399999999689
140,8497.693199999999706
140,8511.210600000000341
140,8523.782999999999447
140,8593.618399999999383
140,8637.019000000000233
140,8656.759899999999107
140,8670.325000000000728
140,8681.877500000000509
140,8684.306200000000899
140,8774.066399999999703
140,8776.459999999999127
140,8779.160700000000361
140,8783.033600000000661
140,8786.165999999999258
140,8821.832399999999325
140,8856.298000000000684
140,8864.750000000000000
140,8868.190500000000611
140,8921.949599999999919
140,8931.144700000000739
140,8933.281999999999243
140,8954.708599999999933
140,9047.929599999999482
140,9125.470999999999549
140,9165.166699999999764
140,9170.040000000000873
140,9222.590000000000146
140,9224.110800000000381
140,9227.030000000000655
140,9354.799999999999272
140,9375.879600000000210
140,9377.329999999999927
140,9515.986999999999171
140,9660.434999999999491
140,9687.979999999999563
140,9720.829999999999927
140,9754.434999999999491
140,9787.185999999999694
140,9802.384000000000015
141,7490.933500000000095
141,7516.720999999999549
141,7537.848799999999756
141,7546.121100000000297
141,7589.502499999999600
141,7603.638399999999820
141,7637.207999999999629
141,7687.361200000000281
141,7696.657900000000154
141,7856.984400000000278
141,7945.365399999999681
141,7950.362000000000080
141,8008.359000000000378
141,8016.989999999999782
141,8061.721099999999751
141,8192.308199999999488
141,8233.896399999999630
141,8349.739999999999782
141,8368.045500000000175
141,8378.661000000000058
141,8379.909299999999348
141,8419.472700000000259
141,8420.739799999999377
141,8426.962999999999738
141,8465.682399999999689
141,8497.693199999999706
141,8511.210600000000341
141,8523.782999999999447
141,8593.618399999999383
141,8637.019000000000233
141,8656.759899999999107
141,8670.325000000000728
141,8681.877500000000509
141,8684.306200000000899
141,8774.066399999999703
141,8776.459999999999127
141,8779.160700000000361
141,8783.033600000000661
141,8786.165999999999258
141,8821.832399999999325
141,8856.298000000000684
141,8864.750000000000000
141,8868.190500000000611
141,8921.949599999999919
141,8931.144700000000739
141,8933.281999999999243
141,8954.708599999999933
141,9047.929599999999482
141,9125.470999999999549
141,9165.166699999999764
141,9170.040000000000873
141,9222.590000000000146
141,9224.110800000000381
141,9227.030000000000655
141,9354.799999999999272
141,9356.787000000000262
141,9375.879600000000210
141,9377.329999999999927
141,9515.986999999999171
141,9660.434999999999491
141,9687.979999999999563
141,9720.829999999999927
141,9754.434999999999491
141,9787.185999999999694
141,9802.384000000000015
142,7490.933500000000095
142,7537.848799999999756
142,7546.121100000000297
142,7589.502499999999600
142,7603.638399999999820
142,7637.207999999999629
142,7687.361200000000281
142,7696.657900000000154
142,7856.984400000000278
142,7945.365399999999681
142,7950.362000000000080
142,8008.359000000000378
142,8016.989999999999782
142,8061.721099999999751
142,8192.308199999999488
142,8233.896399999999630
142,8349.739999999999782
142,8368.045500000000175
142,8378.661000000000058
142,8379.909299999999348
142,8419.472700000000259
142,8420.739799999999377
142,8426.962999999999738
142,8465.682399999999689
142,8497.693199999999706
142,8511.210600000000341
142,8523.782999999999447
142,8593.618399999999383
142,8637.019000000000233
142,8656.759899999999107
142,8670.325000000000728
142,8681.877500000000509
142,8684.306200000000899
142,8774.066399999999703
142,8776.459999999999127
142,8779.160700000000361
142,8783.033600000000661
142,8786.165999999999258
142,8821.832399999999325
142,8856.298000000000684
142,8864.750000000000000
142,8868.190500000000611
142,8921.949599999999919
142,8931.144700000000739
142,8933.281999999999243
142,8954.708599999999933
142,9047.929599999999482
142,9125.470999999999549
142,9165.166699999999764
142,9170.040000000000873
142,9222.590000000000146
142,9224.110800000000381
142,9227.030000000000655
142,9354.799999999999272
142,9375.879600000000210
142,9377.329999999999927
142,9515.986999999999171
142,9660.434999999999491
142,9687.979999999999563
142,9720.829999999999927
142,9754.434999999999491
142,9787.185999999999694
142,9802.384000000000015
143,7440.946899999999914
143,7490.933500000000095
143,7505.935000000000400
143,7537.848799999999756
143,7589.502499999999600
143,7603.638399999999820
143,7637.207999999999629
143,7687.361200000000281
143,7696.657900000000154
143,7856.984400000000278
143,7945.365399999999681
143,7950.362000000000080
143,8008.359000000000378
143,8016.989999999999782
143,8061.721099999999751
143,8192.308199999999488
143,8233.896399999999630
143,8349.739999999999782
143,8368.045500000000175
143,8378.661000000000058
143,8379.909299999999348
143,8419.472700000000259
143,8420.739799999999377
143,8426.962999999999738
143,8465.682399999999689
143,8497.693199999999706
143,8511.210600000000341
143,8523.782999999999447
143,8593.618399999999383
143,8637.019000000000233
143,8656.759899999999107
143,8670.325000000000728
143,8681.877500000000509
143,8684.306200000000899
143,8774.066399999999703
143,8776.459999999999127
143,8779.160700000000361
143,8783.033600000000661
143,8786.165999999999258
143,8821.832399999999325
143,8856.298000000000684
143,8864.750000000000000
143,8868.190500000000611
143,8921.949599999999919
143,8931.144700000000739
143,8933.281999999999243
143,8954.708599999999933
143,9047.929599999999482
143,9125.470999999999549
143,9165.166699999999764
143,9170.040000000000873
143,9222.590000000000146
143,9224.110800000000381
143,9227.030000000000655
143,9354.799999999999272
143,9375.879600000000210
143,9377.329999999999927
143,9515.986999999999171
143,9660.434999999999491
143,9687.979999999999563
143,9720.829999999999927
143,9754.434999999999491
143,9802.384000000000015
144,7440.946899999999914
144,7490.933500000000095
144,7537.848799999999756
144,7546.121100000000297
144,7589.502499999999600
144,7603.638399999999820
144,7637.207999999999629
144,7687.361200000000281
144,7696.657900000000154
144,7856.984400000000278
144,7945.365399999999681
144,7950.362000000000080
144,8008.359000000000378
144,8016.989999999999782
144,8061.721099999999751
144,8192.308199999999488
144,8233.896399999999630
144,8349.739999999999782
144,8368.045500000000175
144,8378.661000000000058
144,8379.909299999999348
144,8419.472700000000259
144,8420.739799999999377
144,8426.962999999999738
144,8465.682399999999689
144,8497.693199999999706
144,8511.210600000000341
144,8523.782999999999447
144,8593.618399999999383
144,8637.019000000000233
144,8656.759899999999107
144,8670.325000000000728
144,8681.877500000000509
144,8684.306200000000899
144,8774.066399999999703
144,8776.459999999999127
144,8779.160700000000361
144,8783.033600000000661
144,8786.165999999999258
144,8821.832399999999325
144,8856.298000000000684
144,8864.750000000000000
144,8868.190500000000611
144,8921.949599999999919
144,8931.144700000000739
144,8933.281999999999243
144,8954.708599999999933
144,9047.929599999999482
144,9125.470999999999549
144,9165.166699999999764
144,9170.040000000000873
144,9222.590000000000146
144,9224.110800000000381
144,9227.030000000000655
144,9354.799999999999272
144,9375.879600000000210
144,9377.329999999999927
144,9515.986999999999171
144,9660.434999999999491
144,9687.979999999999563
144,9720.829999999999927
144,9754.434999999999491
144,9787.185999999999694
144,9802.384000000000015
145,7440.946899999999914
145,7490.933500000000095
145,7537.848799999999756
145,7546.121100000000297
145,7589.502499999999600
145,7603.638399999999820
145,7637.207999999999629
145,7687.361200000000281
145,7696.657900000000154
145,7856.984400000000278
145,7945.365399999999681
145,7950.362000000000080
145,8008.359000000000378
145,8016.989999999999782
145,8061.721099999999751
145,8192.308199999999488
145,8233.896399999999630
145,8349.739999999999782
145,8368.045500000000175
145,8378.661000000000058
145,8379.909299999999348
145,8419.472700000000259
145,8420.739799999999377
145,8426.962999999999738
145,8465.682399999999689
145,8497.693199999999706
145,8511.210600000000341
145,8523.782999999999447
145,8593.618399999999383
145,8637.019000000000233
145,8656.759899999999107
145,8670.325000000000728
145,8681.877500000000509
145,8684.306200000000899
145,8774.066399999999703
145,8776.459999999999127
145,8779.160700000000361
145,8783.033600000000661
145,8786.165999999999258
145,8821.832399999999325
145,8856.298000000000684
145,8864.750000000000000
145,8868.190500000000611
145,8921.949599999999919
145,8931.144700000000739
145,8933.281999999999243
145,8954.708599999999933
145,9047.929599999999482
145,9125.470999999999549
145,9165.166699999999764
145,9170.040000000000873
145,9222.590000000000146
145,9224.110800000000381
145,9227.030000000000655
145,9354.799999999999272
145,9356.787000000000262
145,9375.879600000000210
145,9377.329999999999927
145,9515.986999999999171
145,9660.434999999999491
145,9687.979999999999563
145,9720.829999999999927
145,9754.434999999999491
145,9787.185999999999694
145,9802.384000000000015
146,7440.946899999999914
146,7490.933500000000095
146,7537.848799999999756
146,7546.121100000000297
146,7589.502499999999600
146,7603.638399999999820
146,7637.207999999999629
146,7687.361200000000281
146,7696.657900000000154
146,7856.984400000000278
146,7945.365399999999681
146,7950.362000000000080
146,8008.359000000000378
146,8016.989999999999782
146,8061.721099999999751
146,8192.308199999999488
146,8233.896399999999630
146,8349.739999999999782
146,8368.045500000000175
146,8378.661000000000058
146,8379.909299999999348
146,8419.472700000000259
146,8420.739799999999377
146,8426.962999999999738
146,8465.682399999999689
146,8497.693199999999706
146,8511.210600000000341
146,8523.782999999999447
146,8593.618399999999383
146,8637.019000000000233
146,8656.759899999999107
146,8670.325000000000728
146,8681.877500000000509
146,8684.306200000000899
146,8774.066399999999703
146,8776.459999999999127
146,8779.160700000000361
146,8783.033600000000661
146,8786.165999999999258
146,8821.832399999999325
146,8856.298000000000684
146,8864.750000000000000
146,8868.190500000000611
146,8921.949599999999919
146,8931.144700000000739
146,8933.281999999999243
146,8954.708599999999933
146,9047.929599999999482
146,9125.470999999999549
146,9165.166699999999764
146,9170.040000000000873
146,9222.590000000000146
146,9224.110800000000381
146,9227.030000000000655
146,9354.799999999999272
146,9375.879600000000210
146,9377.329999999999927
146,9515.986999999999171
146,9660.434999999999491
146,9687.979999999999563
146,9720.829999999999927
146,9754.434999999999491
146,9787.185999999999694
146,9802.384000000000015
147,7490.933500000000095
147,7537.848799999999756
147,7546.121100000000297
147,7589.502499999999600
147,7603.638399999999820
147,7637.207999999999629
147,7687.361200000000281
147,7696.657900000000154
147,7856.984400000000278
147,7945.365399999999681
147,7950.362000000000080
147,8008.359000000000378
147,8016.989999999999782
147,8061.721099999999751
147,8192.308199999999488
147,8233.896399999999630
147,8349.739999999999782
147,8368.045500000000175
147,8378.661000000000058
147,8379.909299999999348
147,8419.472700000000259
147,8420.739799999999377
147,8426.962999999999738
147,8465.682399999999689
147,8497.693199999999706
147,8511.210600000000341
147,8523.782999999999447
147,8593.618399999999383
147,8637.019000000000233
147,8656.759899999999107
147,8670.325000000000728
147,8681.877500000000509
147,8684.306200000000899
147,8774.066399999999703
147,8776.459999999999127
147,8779.160700000000361
147,8783.033600000000661
147,8786.165999999999258
147,8821.832399999999325
147,8856.298000000000684
147,8864.750000000000000
147,8868.190500000000611
147,8921.949599999999919
147,8931.144700000000739
147,8933.281999999999243
147,8954.708599999999933
147,9047.929599999999482
147,9125.470999999999549
147,9165.166699999999764
147,9170.040000000000873
147,9222.590000000000146
147,9224.110800000000381
147,9227.030000000000655
147,9354.799999999999272
147,9375.879600000000210
147,9377.329999999999927
147,9515.986999999999171
147,9660.434999999999491
147,9687.979999999999563
147,9720.829999999999927
147,9754.434999999999491
147,9802.384000000000015
148,7490.933500000000095
148,7537.848799999999756
148,7546.121100000000297
148,7589.502499999999600
148,7603.638399999999820
148,7637.207999999999629
148,7687.361200000000281
148,7696.657900000000154
148,7856.984400000000278
148,7945.365399999999681
148,7950.362000000000080
148,8008.359000000000378
148,8016.989999999999782
148,8061.721099999999751
148,8192.308199999999488
148,8233.896399999999630
148,8349.739999999999782
148,8368.045500000000175
148,8378.661000000000058
148,8379.909299999999348
148,8419.472700000000259
148,8420.739799999999377
148,8426.962999999999738
148,8465.682399999999689
148,8497.693199999999706
148,8511.210600000000341
148,8523.782999999999447
148,8593.618399999999383
148,8637.019000000000233
148,8656.759899999999107
148,8670.325000000000728
148,8681.877500000000509
148,8684.306200000000899
148,8774.066399999999703
148,8776.459999999999127
148,8779.160700000000361
148,8783.033600000000661
148,8786.165999999999258
148,8821.832399999999325
148,8856.298000000000684
148,8864.750000000000000
148,8868.190500000000611
148,8921.949599999999919
148,8931.144700000000739
148,8933.281999999999243
148,8954.708599999999933
148,9047.929599999999482
148,9125.470999999999549
148,9165.166699999999764
148,9170.040000000000873
148,9222.590000000000146
148,9224.110800000000381
148,9227.030000000000655
148,9354.799999999999272
148,9375.879600000000210
148,9377.329999999999927
148,9515.986999999999171
148,9660.434999999999491
148,9687.979999999999563
148,9720.829999999999927
148,9754.434999999999491
148,9802.384000000000015
149,7490.933500000000095
149,7537.848799999999756
149,7546.121100000000297
149,7589.502499999999600
149,7603.638399999999820
149,7637.207999999999629
149,7687.361200000000281
149,7696.657900000000154
149,7856.984400000000278
149,7945.365399999999681
149,7950.362000000000080
149,8008.359000000000378
149,8016.989999999999782
149,8061.721099999999751
149,8192.308199999999488
149,8233.896399999999630
149,8349.739999999999782
149,8368.045500000000175
149,8378.661000000000058
149,8379.909299999999348
149,8419.472700000000259
149,8420.739799999999377
149,8426.962999999999738
149,8465.682399999999689
149,8497.693199999999706
149,8511.210600000000341
149,8523.782999999999447
149,8593.618399999999383
149,8637.019000000000233
149,8656.759899999999107
149,8670.325000000000728
149,8681.877500000000509
149,8684.306200000000899
149,8774.066399999999703
149,8776.459999999999127
149,8779.160700000000361
149,8783.033600000000661
149,8786.165999999999258
149,8821.832399999999325
149,8856.298000000000684
149,8864.750000000000000
149,8868.190500000000611
149,8921.949599999999919
149,8931.144700000000739
149,8933.281999999999243
149,8954.708599999999933
149,9047.929599999999482
149,9125.470999999999549
149,9165.166699999999764
149,9170.040000000000873
149,9222.590000000000146
149,9224.110800000000381
149,9227.030000000000655
149,9354.799999999999272
149,9356.787000000000262
149,9375.879600000000210
149,9377.329999999999927
149,9515.986999999999171
149,9660.434999999999491
149,9687.979999999999563
149,9720.829999999999927
149,9754.434999999999491
149,9787.185999999999694
149,9802.384000000000015
